/*--------------------------------*- C++ -*----------------------------------*\
| =========                 |                                                 |
| \\      /  F ield         | OpenFOAM: The Open Source CFD Toolbox           |
|  \\    /   O peration     | Version:  2212                                  |
|   \\  /    A nd           | Website:  www.openfoam.com                      |
|    \\/     M anipulation  |                                                 |
\*---------------------------------------------------------------------------*/
FoamFile
{
    version     2.0;
    format      ascii;
    arch        "LSB;label=32;scalar=64";
    class       surfaceScalarField;
    location    "0.35";
    object      phi;
}
// * * * * * * * * * * * * * * * * * * * * * * * * * * * * * * * * * * * * * //

dimensions      [0 3 -1 0 0 0 0];

oriented        oriented;

internalField   nonuniform List<scalar> 
4419
(
-5.47685e-06
5.47685e-06
-6.36911e-06
8.92261e-07
-3.84114e-06
-2.52797e-06
1.65127e-07
-4.00627e-06
4.7315e-06
-4.56637e-06
9.50229e-06
-4.77079e-06
1.42661e-05
-4.76378e-06
1.89201e-05
-4.654e-06
2.34058e-05
-4.48569e-06
2.76724e-05
-4.26668e-06
3.16624e-05
-3.98999e-06
3.53013e-05
-3.63891e-06
3.84833e-05
-3.18201e-06
4.10485e-05
-2.56513e-06
4.27445e-05
-1.69604e-06
4.30426e-05
-2.9809e-07
4.10516e-05
1.99096e-06
3.59227e-05
5.12895e-06
2.68549e-05
9.06777e-06
1.39794e-05
1.28755e-05
-2.08918e-06
1.60686e-05
-1.19714e-05
9.88219e-06
-1.19714e-05
-3.44682e-06
8.92367e-06
-2.5075e-06
-4.70609e-08
3.20485e-07
-5.35595e-06
4.19268e-06
-7.87846e-06
8.60539e-06
-8.97908e-06
1.31872e-05
-9.35256e-06
1.77644e-05
-9.34098e-06
2.22377e-05
-9.12729e-06
2.65413e-05
-8.7893e-06
3.06191e-05
-8.34454e-06
3.44103e-05
-7.78118e-06
3.78391e-05
-7.06766e-06
4.0801e-05
-6.14392e-06
4.31522e-05
-4.91638e-06
4.46908e-05
-3.23465e-06
4.52158e-05
-8.23077e-07
4.44524e-05
2.75439e-06
4.16801e-05
7.90123e-06
3.58326e-05
1.49153e-05
2.59431e-05
2.2765e-05
1.2394e-05
2.96177e-05
8.41884e-07
2.14343e-05
-1.11295e-05
-1.35975e-06
1.02834e-05
2.47923e-07
-1.65473e-06
3.20038e-06
-8.30841e-06
7.02386e-06
-1.1702e-05
1.12617e-05
-1.32169e-05
1.56352e-05
-1.3726e-05
1.99946e-05
-1.37004e-05
2.42494e-05
-1.33821e-05
2.83358e-05
-1.28758e-05
3.21979e-05
-1.22066e-05
3.57748e-05
-1.1358e-05
3.89923e-05
-1.02851e-05
4.17513e-05
-8.90292e-06
4.39205e-05
-7.08563e-06
4.53227e-05
-4.63683e-06
4.57611e-05
-1.26151e-06
4.50244e-05
3.49113e-06
4.27824e-05
1.01432e-05
3.85565e-05
1.91411e-05
3.16333e-05
2.96882e-05
2.18205e-05
3.94305e-05
1.00218e-05
3.3233e-05
-1.10773e-06
3.8019e-07
9.90323e-06
2.40609e-06
-3.68064e-06
5.58111e-06
-1.14834e-05
9.38769e-06
-1.55085e-05
1.34885e-05
-1.73177e-05
1.76735e-05
-1.79111e-05
2.18241e-05
-1.7851e-05
2.58648e-05
-1.74228e-05
2.97389e-05
-1.67498e-05
3.3393e-05
-1.58608e-05
3.67686e-05
-1.47337e-05
3.97949e-05
-1.33114e-05
4.23796e-05
-1.14876e-05
4.44046e-05
-9.11059e-06
4.572e-05
-5.95222e-06
4.61585e-05
-1.70007e-06
4.55553e-05
4.09434e-06
4.37294e-05
1.19691e-05
4.04652e-05
2.24054e-05
3.53103e-05
3.48431e-05
2.77621e-05
4.69788e-05
1.62342e-05
4.47609e-05
1.51264e-05
1.62603e-06
8.2772e-06
4.1774e-06
-6.23201e-06
7.60128e-06
-1.49073e-05
1.14448e-05
-1.93521e-05
1.545e-05
-2.13229e-05
1.94711e-05
-2.19321e-05
2.34271e-05
-2.1807e-05
2.72636e-05
-2.12592e-05
3.09342e-05
-2.04205e-05
3.43912e-05
-1.93177e-05
3.75797e-05
-1.79222e-05
4.04339e-05
-1.61656e-05
4.28698e-05
-1.39236e-05
4.47837e-05
-1.10245e-05
4.60511e-05
-7.21955e-06
4.65398e-05
-2.18883e-06
4.61347e-05
4.49951e-06
4.4738e-05
1.33658e-05
4.22484e-05
2.4895e-05
3.83219e-05
3.87696e-05
3.22225e-05
5.30782e-05
2.10326e-05
5.59509e-05
3.6159e-05
2.4103e-06
5.8669e-06
5.59243e-06
-9.41414e-06
9.32467e-06
-1.86395e-05
1.32518e-05
-2.32792e-05
1.71935e-05
-2.52647e-05
2.10703e-05
-2.58089e-05
2.4845e-05
-2.55817e-05
2.84881e-05
-2.49023e-05
3.19662e-05
-2.38986e-05
3.52383e-05
-2.25899e-05
3.82547e-05
-2.09386e-05
4.09555e-05
-1.88663e-05
4.32662e-05
-1.62344e-05
4.50978e-05
-1.28561e-05
4.63494e-05
-8.47109e-06
4.6924e-05
-2.76345e-06
4.67546e-05
4.66894e-06
4.58084e-05
1.43119e-05
4.40563e-05
2.66471e-05
4.12095e-05
4.16164e-05
3.63443e-05
5.79433e-05
2.55653e-05
6.67299e-05
6.17243e-05
2.93824e-06
2.92866e-06
6.73808e-06
-1.3214e-05
1.08152e-05
-2.27167e-05
1.48533e-05
-2.73173e-05
1.87473e-05
-2.91586e-05
2.24891e-05
-2.95507e-05
2.60908e-05
-2.91834e-05
2.95502e-05
-2.83617e-05
3.2847e-05
-2.71954e-05
3.59472e-05
-2.56901e-05
3.88067e-05
-2.3798e-05
4.1372e-05
-2.14317e-05
4.3579e-05
-1.84413e-05
4.53531e-05
-1.46303e-05
4.66154e-05
-9.73333e-06
4.7302e-05
-3.45007e-06
4.73931e-05
4.57783e-06
4.692e-05
1.4785e-05
4.5933e-05
2.76342e-05
4.42397e-05
4.33097e-05
4.09175e-05
6.12655e-05
3.1049e-05
7.65984e-05
9.27733e-05
3.34685e-06
-4.18188e-07
7.72124e-06
-1.75884e-05
1.21485e-05
-2.71439e-05
1.62962e-05
-3.14651e-05
2.01339e-05
-3.29963e-05
2.37355e-05
-3.31523e-05
2.71661e-05
-3.2614e-05
3.04489e-05
-3.16445e-05
3.35749e-05
-3.03214e-05
3.6516e-05
-2.86312e-05
3.92329e-05
-2.65148e-05
4.16792e-05
-2.3878e-05
4.3801e-05
-2.0563e-05
4.55381e-05
-1.63674e-05
4.68311e-05
-1.10264e-05
4.76464e-05
-4.26542e-06
4.80102e-05
4.21405e-06
4.8022e-05
1.47732e-05
4.78422e-05
2.78139e-05
4.74885e-05
4.36634e-05
4.62915e-05
6.24625e-05
3.79461e-05
8.49438e-05
0.000130719
-1.61675e-06
1.61675e-06
-1.46279e-05
1.30112e-05
-2.28502e-05
8.22229e-06
-2.52043e-05
2.35406e-06
-2.1952e-05
-3.25231e-06
-1.53375e-05
-6.61458e-06
-7.01816e-06
-8.3193e-06
1.76776e-06
-8.78592e-06
1.0132e-05
-8.36422e-06
1.73255e-05
-7.19352e-06
2.27444e-05
-5.41888e-06
2.59593e-05
-3.21493e-06
2.66897e-05
-7.30436e-07
2.49591e-05
1.73061e-06
2.12296e-05
3.7295e-06
1.60996e-05
5.13001e-06
1.02066e-05
5.89296e-06
4.43595e-06
5.77065e-06
4.43595e-06
-6.58691e-06
8.20362e-06
-1.88828e-05
2.53071e-05
-2.46441e-05
1.39836e-05
-2.50941e-05
2.80398e-06
-2.14402e-05
-6.90624e-06
-1.47862e-05
-1.32686e-05
-6.51918e-06
-1.65863e-05
2.16746e-06
-1.74726e-05
1.04263e-05
-1.6623e-05
1.75745e-05
-1.43418e-05
2.30511e-05
-1.08955e-05
2.64313e-05
-6.59516e-06
2.75354e-05
-1.83453e-06
2.63672e-05
2.89878e-06
2.30486e-05
7.04806e-06
1.7983e-05
1.01956e-05
1.18283e-05
1.20477e-05
5.47769e-06
1.21212e-05
9.91364e-06
-8.62609e-06
1.68297e-05
-1.97005e-05
3.63816e-05
-2.41751e-05
1.84581e-05
-2.41493e-05
2.77814e-06
-2.05258e-05
-1.05297e-05
-1.39037e-05
-1.98907e-05
-5.70902e-06
-2.4781e-05
2.87002e-06
-2.60516e-05
1.10166e-05
-2.47696e-05
1.80812e-05
-2.14064e-05
2.35331e-05
-1.63473e-05
2.69609e-05
-1.0023e-05
2.81197e-05
-2.99338e-06
2.69645e-05
4.05402e-06
2.36523e-05
1.03603e-05
1.86052e-05
1.52426e-05
1.2475e-05
1.81779e-05
6.0244e-06
1.85718e-05
1.5938e-05
-8.93029e-06
2.57599e-05
-1.95836e-05
4.70349e-05
-2.32174e-05
2.20919e-05
-2.27473e-05
2.30801e-06
-1.92002e-05
-1.40768e-05
-1.26578e-05
-2.64331e-05
-4.55396e-06
-3.28848e-05
3.91597e-06
-3.45215e-05
1.19843e-05
-3.2838e-05
1.90029e-05
-2.8425e-05
2.44428e-05
-2.17872e-05
2.78945e-05
-1.34747e-05
2.90958e-05
-4.19464e-06
2.79629e-05
5.18688e-06
2.46313e-05
1.36919e-05
1.95105e-05
2.03634e-05
1.32499e-05
2.44386e-05
6.551e-06
2.52707e-05
2.2489e-05
-7.20691e-06
3.29668e-05
-1.81671e-05
5.79951e-05
-2.099e-05
2.49148e-05
-1.99396e-05
1.2576e-06
-1.66508e-05
-1.73656e-05
-1.04478e-05
-3.26362e-05
-2.6723e-06
-4.06603e-05
5.51036e-06
-4.27042e-05
1.34287e-05
-4.07563e-05
2.03903e-05
-3.53866e-05
2.5821e-05
-2.72179e-05
2.92824e-05
-1.69361e-05
3.04934e-05
-5.40563e-06
2.93468e-05
6.33344e-06
2.59454e-05
1.70933e-05
2.0666e-05
2.56429e-05
1.41453e-05
3.09592e-05
7.0728e-06
3.23433e-05
2.95618e-05
-4.94188e-06
3.79087e-05
-1.48327e-05
6.78859e-05
-1.57893e-05
2.58715e-05
-1.39583e-05
-5.73434e-07
-1.13175e-05
-2.00064e-05
-6.13108e-06
-3.78226e-05
6.66927e-07
-4.74583e-05
8.06638e-06
-5.01036e-05
1.55473e-05
-4.82372e-05
2.23256e-05
-4.21649e-05
2.77024e-05
-3.25947e-05
3.11461e-05
-2.03799e-05
3.23273e-05
-6.5868e-06
3.1115e-05
7.54575e-06
2.75798e-05
2.06285e-05
2.20575e-05
3.11652e-05
1.51665e-05
3.78502e-05
7.61731e-06
3.98925e-05
3.71791e-05
3.70824e-06
3.42004e-05
-6.20255e-06
7.77967e-05
-4.60209e-06
2.4271e-05
-1.89088e-06
-3.28465e-06
-8.04463e-07
-2.10928e-05
2.1349e-06
-4.0762e-05
6.77083e-06
-5.20942e-05
1.23158e-05
-5.56486e-05
1.87112e-05
-5.46326e-05
2.49732e-05
-4.84269e-05
3.0157e-05
-3.77785e-05
3.35217e-05
-2.37446e-05
3.46201e-05
-7.68511e-06
3.32793e-05
8.88657e-06
2.95396e-05
2.43682e-05
2.36949e-05
3.70098e-05
1.6339e-05
4.52061e-05
8.21701e-06
4.80145e-05
4.53961e-05
1.51848e-05
1.90157e-05
1.04156e-05
8.25659e-05
1.72105e-05
1.74761e-05
1.98981e-05
-5.97223e-06
1.72991e-05
-1.84938e-05
1.64968e-05
-3.99597e-05
1.73637e-05
-5.2961e-05
1.93255e-05
-5.76104e-05
2.35722e-05
-5.88793e-05
2.86648e-05
-5.35196e-05
3.33365e-05
-4.24501e-05
3.64834e-05
-2.68915e-05
3.74138e-05
-8.61548e-06
3.58636e-05
1.04368e-05
3.18373e-05
2.83945e-05
2.55924e-05
4.32548e-05
1.76893e-05
5.31091e-05
8.89764e-06
5.68062e-05
5.42938e-05
8.41486e-06
-8.83304e-06
1.96099e-05
-2.87834e-05
3.00755e-05
-3.76096e-05
3.90675e-05
-4.04571e-05
4.68885e-05
-4.08173e-05
5.40089e-05
-4.02727e-05
6.07266e-05
-3.93317e-05
6.71474e-05
-3.80653e-05
7.32695e-05
-3.64435e-05
7.90428e-05
-3.44046e-05
8.43972e-05
-3.18693e-05
8.92566e-05
-2.87374e-05
9.35412e-05
-2.48476e-05
9.7169e-05
-1.99952e-05
0.000100069
-1.39261e-05
0.000102252
-6.44899e-06
0.000103916
2.54988e-06
0.00010549
1.31997e-05
0.000107753
2.55509e-05
0.000111797
3.96198e-05
0.000119184
5.50747e-05
0.000133098
7.10304e-05
9.68853e-05
0.000166932
1.07917e-05
-1.96248e-05
2.49551e-05
-4.29468e-05
3.62472e-05
-4.89017e-05
4.4537e-05
-4.87469e-05
5.1228e-05
-4.75082e-05
5.72959e-05
-4.63407e-05
6.31353e-05
-4.51711e-05
6.88121e-05
-4.3742e-05
7.42824e-05
-4.19139e-05
7.94802e-05
-3.96023e-05
8.43393e-05
-3.67284e-05
8.8809e-05
-3.3207e-05
9.28557e-05
-2.88943e-05
9.64513e-05
-2.35908e-05
9.95647e-05
-1.70395e-05
0.000102251
-9.13567e-06
0.00010484
-3.88406e-08
0.000107794
1.02458e-05
0.00011207
2.12744e-05
0.000118898
3.27926e-05
0.000129715
4.42577e-05
0.000145962
5.47833e-05
6.67831e-05
0.000176064
1.55622e-05
-3.51869e-05
3.37277e-05
-6.11123e-05
4.31385e-05
-5.83125e-05
4.88824e-05
-5.44907e-05
5.37718e-05
-5.23976e-05
5.87275e-05
-5.12964e-05
6.38063e-05
-5.02499e-05
6.88638e-05
-4.87995e-05
7.37784e-05
-4.68284e-05
7.8465e-05
-4.42889e-05
8.28608e-05
-4.11243e-05
8.69382e-05
-3.72844e-05
9.07155e-05
-3.26716e-05
9.42306e-05
-2.71059e-05
9.74804e-05
-2.02892e-05
0.000100539
-1.21943e-05
0.000103651
-3.1509e-06
0.000107353
6.54357e-06
0.000112364
1.62638e-05
0.000119597
2.55596e-05
0.000129634
3.42204e-05
0.000142837
4.15805e-05
4.66843e-05
0.000162936
2.75275e-05
-6.27145e-05
4.59912e-05
-7.9576e-05
4.79981e-05
-6.03194e-05
5.01695e-05
-5.66622e-05
5.38993e-05
-5.61275e-05
5.84005e-05
-5.57976e-05
6.30735e-05
-5.49229e-05
6.76703e-05
-5.33963e-05
7.20887e-05
-5.12468e-05
7.62672e-05
-4.84674e-05
8.01594e-05
-4.50165e-05
8.37533e-05
-4.08783e-05
8.71053e-05
-3.60236e-05
9.03451e-05
-3.03457e-05
9.3555e-05
-2.34991e-05
9.68994e-05
-1.55387e-05
0.00010053
-6.7811e-06
0.000104815
2.25766e-06
0.000110408
1.06711e-05
0.0001178
1.81674e-05
0.000127063
2.49581e-05
0.000138086
3.05568e-05
3.34449e-05
0.000151326
4.98487e-05
-0.000112563
5.47404e-05
-8.44677e-05
4.57915e-05
-5.13704e-05
4.73299e-05
-5.82006e-05
5.25759e-05
-6.13735e-05
5.68169e-05
-6.00386e-05
6.1311e-05
-5.9417e-05
6.54514e-05
-5.75367e-05
6.93058e-05
-5.51011e-05
7.28715e-05
-5.20332e-05
7.61119e-05
-4.82569e-05
7.90142e-05
-4.37806e-05
8.16458e-05
-3.86553e-05
8.42668e-05
-3.29667e-05
8.7133e-05
-2.63653e-05
9.07754e-05
-1.9181e-05
9.57654e-05
-1.17711e-05
0.000102006
-3.98344e-06
0.000108973
3.70436e-06
0.000116626
1.05142e-05
0.000125056
1.65284e-05
0.000134561
2.10524e-05
2.30682e-05
0.000144937
3.31641e-05
-0.000145727
2.87712e-05
-8.00748e-05
3.58212e-05
-5.84204e-05
4.26361e-05
-6.50156e-05
4.98824e-05
-6.86198e-05
5.70023e-05
-6.71585e-05
6.15014e-05
-6.39161e-05
6.49628e-05
-6.09981e-05
6.79905e-05
-5.81288e-05
7.07195e-05
-5.47622e-05
7.31594e-05
-5.06967e-05
7.5272e-05
-4.58933e-05
7.70243e-05
-4.04075e-05
7.85443e-05
-3.44867e-05
8.04709e-05
-2.82919e-05
8.35215e-05
-2.22316e-05
8.84359e-05
-1.66855e-05
9.59454e-05
-1.14929e-05
0.000105508
-5.85843e-06
0.00011474
1.28201e-06
0.000124612
6.65686e-06
0.000135384
1.02801e-05
1.26844e-05
0.000145768
-1.60929e-05
-0.000129634
1.26671e-07
-9.62943e-05
2.06359e-05
-7.89296e-05
3.43634e-05
-7.87431e-05
4.43026e-05
-7.8559e-05
5.32618e-05
-7.61177e-05
6.19318e-05
-7.2586e-05
6.9866e-05
-6.89324e-05
7.69275e-05
-6.51903e-05
8.3252e-05
-6.10868e-05
8.89738e-05
-5.64184e-05
9.41746e-05
-5.10942e-05
9.8876e-05
-4.51089e-05
0.000103037
-3.86478e-05
0.000106676
-3.19312e-05
0.000109847
-2.54028e-05
0.000112578
-1.94162e-05
0.000114883
-1.37978e-05
0.000115758
-6.73319e-06
0.000116598
4.41917e-07
0.000123579
-3.24271e-07
0.000136342
-2.48237e-06
-1.09826e-06
0.000150124
-1.30565e-05
-0.000116578
-2.57674e-08
-0.000109325
1.81733e-05
-9.71287e-05
3.19441e-05
-9.2514e-05
4.28289e-05
-8.94437e-05
5.26224e-05
-8.59113e-05
6.19735e-05
-8.19371e-05
7.08444e-05
-7.78033e-05
7.91927e-05
-7.35386e-05
8.70973e-05
-6.89914e-05
9.46914e-05
-6.40125e-05
0.00010212
-5.85223e-05
0.000109504
-5.2493e-05
0.000116905
-4.60495e-05
0.000124323
-3.93487e-05
0.000131507
-3.2587e-05
0.000137769
-2.56785e-05
0.00014201
-1.80383e-05
0.000145032
-9.75527e-06
0.000149966
-4.49244e-06
0.000156874
-7.23243e-06
0.000164741
-1.03485e-05
-6.89895e-06
0.000170541
5.9736e-07
-0.000117175
7.54477e-06
-0.000116272
1.91668e-05
-0.000108751
3.02699e-05
-0.000103617
4.03218e-05
-9.94957e-05
4.98222e-05
-9.54117e-05
5.90642e-05
-9.11791e-05
6.80914e-05
-8.68305e-05
7.69071e-05
-8.23542e-05
8.55649e-05
-7.76492e-05
9.41642e-05
-7.26119e-05
0.000102828
-6.71857e-05
0.000111664
-6.1329e-05
0.000120725
-5.51108e-05
0.000129978
-4.86023e-05
0.000139274
-4.1883e-05
0.00014852
-3.49245e-05
0.000158127
-2.76449e-05
0.000169031
-2.06595e-05
0.000180744
-1.62052e-05
0.000188847
-1.5335e-05
0.000193249
-1.47506e-05
-1.27038e-05
0.000199054
2.51411e-06
-0.000119689
9.65842e-06
-0.000123417
1.85713e-05
-0.000117664
2.76702e-05
-0.000112716
3.65605e-05
-0.000108386
4.53364e-05
-0.000104188
5.41002e-05
-9.99429e-05
6.28775e-05
-9.56079e-05
7.16784e-05
-9.11551e-05
8.05402e-05
-8.6511e-05
8.95342e-05
-8.16059e-05
9.8756e-05
-7.64074e-05
0.000108299
-7.08717e-05
0.00011823
-6.50421e-05
0.000128575
-5.89473e-05
0.000139333
-5.2641e-05
0.000150584
-4.61756e-05
0.000162592
-3.96528e-05
0.000175498
-3.35656e-05
0.000188272
-2.89789e-05
0.000199347
-2.64106e-05
0.000209209
-2.46122e-05
-2.29342e-05
0.000219439
3.88464e-06
-0.000123574
9.82708e-06
-0.000129359
1.68056e-05
-0.000124642
2.42991e-05
-0.00012021
3.20214e-05
-0.000116108
3.99204e-05
-0.000112087
4.8003e-05
-0.000108026
5.62698e-05
-0.000103875
6.47256e-05
-9.9611e-05
7.33969e-05
-9.51823e-05
8.23372e-05
-9.05461e-05
9.16236e-05
-8.56938e-05
0.00010134
-8.05877e-05
0.000111565
-7.52673e-05
0.000122363
-6.97454e-05
0.000133791
-6.40691e-05
0.000145932
-5.83167e-05
0.000158885
-5.26051e-05
0.000172572
-4.72531e-05
0.000186381
-4.27881e-05
0.0001994
-3.94295e-05
0.000211486
-3.66979e-05
-3.44538e-05
0.000223005
4.0956e-06
-0.00012767
8.70319e-06
-0.000133967
1.42681e-05
-0.000130207
2.04898e-05
-0.000126431
2.71415e-05
-0.00012276
3.41335e-05
-0.000119079
4.14359e-05
-0.000115328
4.90356e-05
-0.000111474
5.69335e-05
-0.000107509
6.51498e-05
-0.000103399
7.37274e-05
-9.91236e-05
8.27317e-05
-9.46981e-05
9.22387e-05
-9.00947e-05
0.000102331
-8.53598e-05
0.000113087
-8.05014e-05
0.00012458
-7.55623e-05
0.000136883
-7.06195e-05
0.000150035
-6.5757e-05
0.000163939
-6.11575e-05
0.000178212
-5.70609e-05
0.000192272
-5.34891e-05
0.000205721
-5.01468e-05
-4.70618e-05
0.000218329
3.54908e-06
-0.000131219
7.02752e-06
-0.000137445
1.14833e-05
-0.000134663
1.66461e-05
-0.000131594
2.23234e-05
-0.000128437
2.8425e-05
-0.00012518
3.49114e-05
-0.000121814
4.17653e-05
-0.000118328
4.89861e-05
-0.00011473
5.6591e-05
-0.000111004
6.4617e-05
-0.00010715
7.31218e-05
-0.000103203
8.21753e-05
-9.91483e-05
9.18592e-05
-9.50436e-05
0.000102256
-9.08979e-05
0.000113445
-8.67519e-05
0.000125503
-8.26771e-05
0.000138472
-7.8726e-05
0.000152313
-7.49989e-05
0.000166849
-7.15962e-05
0.000181794
-6.8435e-05
0.000196848
-6.52004e-05
-6.15687e-05
0.000211355
2.766e-06
-0.000133985
5.30756e-06
-0.000139987
8.84321e-06
-0.000138198
1.30867e-05
-0.000135838
1.78741e-05
-0.000133225
2.3126e-05
-0.000130432
2.88044e-05
-0.000127493
3.48924e-05
-0.000124416
4.139e-05
-0.000121227
4.83137e-05
-0.000117927
5.56973e-05
-0.000114533
6.3594e-05
-0.0001111
7.20696e-05
-0.000107624
8.12033e-05
-0.000104177
9.10791e-05
-0.000100774
0.000101783
-9.74561e-05
0.000113403
-9.42971e-05
0.000126014
-9.13366e-05
0.000139667
-8.86524e-05
0.000154403
-8.63319e-05
0.000170321
-8.43525e-05
0.000187755
-8.26343e-05
-8.13096e-05
0.000207495
1.91671e-06
-0.000135902
3.76854e-06
-0.000141839
6.54503e-06
-0.000140975
9.98897e-06
-0.000139282
1.39744e-05
-0.00013721
1.84389e-05
-0.000134897
2.33507e-05
-0.000132405
2.86964e-05
-0.000129762
3.44786e-05
-0.00012701
4.07145e-05
-0.000124163
4.74374e-05
-0.000121256
5.46982e-05
-0.00011836
6.25598e-05
-0.000115485
7.10998e-05
-0.000112717
8.04028e-05
-0.000110077
9.05593e-05
-0.000107613
0.000101667
-0.000105405
0.000113826
-0.000103495
0.000127141
-0.000101968
0.000141747
-0.000100938
0.00015785
-0.000100456
0.000175793
-0.000100576
-0.000101452
0.000195935
1.18029e-06
-0.000137082
2.51804e-06
-0.000143177
4.66611e-06
-0.000143123
7.42219e-06
-0.000142038
1.06999e-05
-0.000140488
1.44548e-05
-0.000138651
1.86641e-05
-0.000136614
2.33198e-05
-0.000134418
2.84285e-05
-0.000132118
3.40099e-05
-0.000129744
4.0098e-05
-0.000127344
4.67428e-05
-0.000125005
5.40059e-05
-0.000122749
6.19631e-05
-0.000120675
7.06982e-05
-0.000118812
8.03031e-05
-0.000117218
9.08794e-05
-0.000115981
0.000102536
-0.000115152
0.000115397
-0.000114828
0.000129615
-0.000115156
0.000145385
-0.000116226
0.000162936
-0.000118128
-0.000120918
0.000182402
6.2717e-07
-0.000137709
1.57736e-06
-0.000144127
3.20817e-06
-0.000144754
5.38348e-06
-0.000144213
8.05061e-06
-0.000143155
1.11818e-05
-0.000141783
1.4764e-05
-0.000140196
1.87961e-05
-0.00013845
2.32894e-05
-0.000136612
2.82672e-05
-0.000134722
3.37648e-05
-0.000132842
3.9832e-05
-0.000131072
4.65289e-05
-0.000129445
5.39287e-05
-0.000128074
6.21124e-05
-0.000126995
7.11688e-05
-0.000126274
8.11963e-05
-0.000126009
9.23005e-05
-0.000126256
0.0001046
-0.000127128
0.000118237
-0.000128792
0.000133371
-0.00013136
0.000150162
-0.000134919
-0.000139427
0.000168671
2.66403e-07
-0.000137975
9.2195e-07
-0.000144782
2.1338e-06
-0.000145966
3.82885e-06
-0.000145908
5.97966e-06
-0.000145306
8.57272e-06
-0.000144376
1.16046e-05
-0.000143228
1.50814e-05
-0.000141926
1.90196e-05
-0.00014055
2.34457e-05
-0.000139148
2.83966e-05
-0.000137793
3.3921e-05
-0.000136597
4.00765e-05
-0.000135601
4.6932e-05
-0.00013493
5.45626e-05
-0.000134626
6.30494e-05
-0.000134761
7.2481e-05
-0.00013544
8.2951e-05
-0.000136726
9.45625e-05
-0.000138739
0.000107436
-0.000141666
0.000121704
-0.000145629
0.000137497
-0.000150711
-0.000156812
0.000154882
7.23608e-08
-0.000138048
5.06837e-07
-0.000145217
1.3882e-06
-0.000146847
2.69379e-06
-0.000147214
4.4142e-06
-0.000147026
6.54786e-06
-0.000146509
9.10023e-06
-0.00014578
1.20842e-05
-0.00014491
1.55207e-05
-0.000143986
1.94387e-05
-0.000143066
2.38752e-05
-0.000142229
2.88769e-05
-0.000141598
3.44971e-05
-0.000141221
4.07978e-05
-0.00014123
4.7845e-05
-0.000141673
5.57084e-05
-0.000142624
6.44622e-05
-0.000144194
7.41823e-05
-0.000146446
8.49515e-05
-0.000149508
9.68672e-05
-0.000153581
0.000110041
-0.000158802
0.000124593
-0.000165264
-0.000172841
0.000140622
4.08698e-09
-0.000138052
2.78292e-07
-0.000145491
9.10351e-07
-0.000147479
1.90553e-06
-0.000148209
3.26988e-06
-0.000148391
5.01251e-06
-0.000148252
7.14658e-06
-0.000147914
9.69034e-06
-0.000147454
1.26679e-05
-0.000146964
1.61092e-05
-0.000146508
2.00497e-05
-0.00014617
2.45322e-05
-0.000146081
2.96036e-05
-0.000146293
3.53168e-05
-0.000146944
4.17266e-05
-0.000148083
4.88882e-05
-0.000149786
5.68587e-05
-0.000152165
6.5694e-05
-0.000155281
7.5454e-05
-0.000159268
8.62124e-05
-0.00016434
9.80603e-05
-0.00017065
0.000111112
-0.000178315
-0.000187223
0.000125494
1.96103e-08
-0.000138071
1.92048e-07
-0.000145663
6.40792e-07
-0.000147928
1.39026e-06
-0.000148958
2.46037e-06
-0.000149461
3.8689e-06
-0.000149661
5.63512e-06
-0.000149681
7.7809e-06
-0.0001496
1.03317e-05
-0.000149515
1.33164e-05
-0.000149492
1.67673e-05
-0.000149621
2.07211e-05
-0.000150035
2.52166e-05
-0.000150788
3.02961e-05
-0.000152023
3.60014e-05
-0.000153788
4.23724e-05
-0.000156157
4.94478e-05
-0.00015924
5.72626e-05
-0.000163096
6.5853e-05
-0.000167859
7.52665e-05
-0.000173753
8.55705e-05
-0.000180954
9.68668e-05
-0.000189612
-0.000199657
0.000109301
8.16837e-08
-0.000138153
2.04576e-07
-0.000145786
5.21633e-07
-0.000148245
1.07833e-06
-0.000149515
1.90471e-06
-0.000150287
3.02596e-06
-0.000150782
4.46545e-06
-0.00015112
6.24698e-06
-0.000151382
8.39545e-06
-0.000151663
1.09368e-05
-0.000152034
1.38981e-05
-0.000152582
1.73087e-05
-0.000153445
2.11976e-05
-0.000154677
2.55956e-05
-0.000156421
3.0531e-05
-0.000158724
3.60282e-05
-0.000161654
4.21079e-05
-0.00016532
4.87843e-05
-0.000169773
5.60689e-05
-0.000175143
6.39808e-05
-0.000181665
7.25577e-05
-0.000189531
8.18792e-05
-0.000198933
-0.000209873
9.20949e-05
1.67069e-07
-0.00013832
2.78889e-07
-0.000145898
5.03673e-07
-0.00014847
9.0749e-07
-0.000149919
1.53029e-06
-0.00015091
2.40145e-06
-0.000151653
3.54715e-06
-0.000152266
4.9911e-06
-0.000152826
6.75588e-06
-0.000153428
8.86287e-06
-0.000154141
1.13324e-05
-0.000155052
1.41849e-05
-0.000156298
1.74389e-05
-0.000157931
2.11129e-05
-0.000160095
2.52218e-05
-0.000162832
2.97755e-05
-0.000166208
3.47775e-05
-0.000170322
4.02216e-05
-0.000175217
4.60949e-05
-0.000181017
5.23853e-05
-0.000187955
5.90948e-05
-0.00019624
6.62693e-05
-0.000206108
-0.000217648
7.40447e-05
2.59113e-07
-0.000138579
3.82298e-07
-0.000146021
5.4336e-07
-0.000148631
8.26186e-07
-0.000150202
1.2767e-06
-0.00015136
1.92811e-06
-0.000152304
2.80731e-06
-0.000153145
3.93643e-06
-0.000153955
5.33424e-06
-0.000154826
7.01627e-06
-0.000155823
8.99503e-06
-0.00015703
1.1281e-05
-0.000158584
1.38817e-05
-0.000160532
1.68031e-05
-0.000163017
2.00472e-05
-0.000166077
2.36099e-05
-0.00016977
2.74792e-05
-0.000174191
3.16302e-05
-0.000179368
3.60252e-05
-0.000185412
4.062e-05
-0.00019255
4.53758e-05
-0.000200996
5.02933e-05
-0.000211025
-0.000222828
5.5473e-05
3.4488e-07
-0.000138924
4.89416e-07
-0.000146166
6.06248e-07
-0.000148748
7.9155e-07
-0.000150387
1.09549e-06
-0.000151664
1.55272e-06
-0.000152762
2.18922e-06
-0.000153781
3.02428e-06
-0.00015479
4.07215e-06
-0.000155874
5.34165e-06
-0.000157092
6.83671e-06
-0.000158525
8.55749e-06
-0.000160304
1.05001e-05
-0.000162474
1.2658e-05
-0.000165175
1.50205e-05
-0.000168439
1.75708e-05
-0.000172321
2.02826e-05
-0.000176903
2.31139e-05
-0.000182199
2.60042e-05
-0.000188302
2.88771e-05
-0.000195423
3.165e-05
-0.000203769
3.4268e-05
-0.000213643
-0.000225331
3.67712e-05
4.16853e-07
-0.000139341
5.8376e-07
-0.000146333
6.69731e-07
-0.000148834
7.74892e-07
-0.000150492
9.52484e-07
-0.000151842
1.23718e-06
-0.000153046
1.65223e-06
-0.000154197
2.2141e-06
-0.000155352
2.93112e-06
-0.000156591
3.80504e-06
-0.000157966
4.83142e-06
-0.000159552
5.99996e-06
-0.000161473
7.29526e-06
-0.00016377
8.69843e-06
-0.000166578
1.01864e-05
-0.000169927
1.17302e-05
-0.000173864
1.3291e-05
-0.000178464
1.4812e-05
-0.00018372
1.62122e-05
-0.000189702
1.73854e-05
-0.000196596
1.82048e-05
-0.000204589
1.85519e-05
-0.00021399
-0.000225165
1.83851e-05
4.71313e-07
-0.000139812
6.55545e-07
-0.000146517
7.16752e-07
-0.000148895
7.55648e-07
-0.000150531
8.24122e-07
-0.00015191
9.54995e-07
-0.000153177
1.17002e-06
-0.000154412
1.48033e-06
-0.000155662
1.88867e-06
-0.000156999
2.39012e-06
-0.000158468
2.97154e-06
-0.000160133
3.61297e-06
-0.000162114
4.28781e-06
-0.000164445
4.96507e-06
-0.000167255
5.60957e-06
-0.000170572
6.17993e-06
-0.000174435
6.62802e-06
-0.000178912
6.88348e-06
-0.000183975
6.84948e-06
-0.000189668
6.39435e-06
-0.000196141
5.35168e-06
-0.000203546
3.5386e-06
-0.000212177
-0.000222426
7.9987e-07
5.07166e-07
-0.00014032
7.00108e-07
-0.00014671
7.40225e-07
-0.000148935
7.22023e-07
-0.000150513
6.96337e-07
-0.000151885
6.93141e-07
-0.000153174
7.29378e-07
-0.000154448
8.11543e-07
-0.000155744
9.37166e-07
-0.000157125
1.0947e-06
-0.000158625
1.26338e-06
-0.000160302
1.41411e-06
-0.000162265
1.51049e-06
-0.000164541
1.50984e-06
-0.000167254
1.36556e-06
-0.000170427
1.02711e-06
-0.000174096
4.27852e-07
-0.000178313
-5.08257e-07
-0.000183039
-1.88739e-06
-0.000188289
-3.86091e-06
-0.000194168
-6.62885e-06
-0.000200778
-1.04333e-05
-0.000208373
-0.000217346
-1.55134e-05
5.25351e-07
-0.000140845
7.18268e-07
-0.000146903
7.38154e-07
-0.000148955
6.71186e-07
-0.000150446
5.65565e-07
-0.000151779
4.46252e-07
-0.000153055
3.25903e-07
-0.000154327
2.05964e-07
-0.000155624
7.85987e-08
-0.000156997
-7.43923e-08
-0.000158472
-2.79293e-07
-0.000160097
-5.72909e-07
-0.000161972
-1.00095e-06
-0.000164113
-1.61637e-06
-0.000166639
-2.47756e-06
-0.000169566
-3.64774e-06
-0.000172926
-5.19519e-06
-0.000176765
-7.20723e-06
-0.000181027
-9.80022e-06
-0.000185696
-1.31348e-05
-0.000190833
-1.74306e-05
-0.000196482
-2.29717e-05
-0.000202831
-0.000210229
-3.00886e-05
5.31604e-07
-0.000141376
7.15254e-07
-0.000147086
7.1421e-07
-0.000148954
6.05107e-07
-0.000150337
4.33218e-07
-0.000151607
2.17072e-07
-0.000152839
-3.6894e-08
-0.000154073
-3.31329e-07
-0.00015533
-6.79303e-07
-0.000156649
-1.10291e-06
-0.000158048
-1.63476e-06
-0.000159565
-2.31746e-06
-0.000161289
-3.20366e-06
-0.000163227
-4.3552e-06
-0.000165487
-5.84038e-06
-0.000168081
-7.73204e-06
-0.000171035
-1.01089e-05
-0.000174388
-1.30629e-05
-0.000178073
-1.67122e-05
-0.000182047
-2.12197e-05
-0.000186326
-2.6811e-05
-0.000190891
-3.37921e-05
-0.00019585
-0.000201468
-4.25525e-05
5.41386e-07
-0.000141918
7.02238e-07
-0.000147247
6.77313e-07
-0.000148929
5.29394e-07
-0.000150189
3.04393e-07
-0.000151382
1.02084e-08
-0.000152544
-3.51751e-07
-0.000153711
-7.90164e-07
-0.000154891
-1.32217e-06
-0.000156117
-1.97388e-06
-0.000157397
-2.7813e-06
-0.000158758
-3.79129e-06
-0.000160279
-5.06153e-06
-0.000161957
-6.6605e-06
-0.000163888
-8.66473e-06
-0.000166077
-1.11561e-05
-0.000168543
-1.42218e-05
-0.000171323
-1.79577e-05
-0.000174337
-2.24809e-05
-0.000177523
-2.79484e-05
-0.000180858
-3.45778e-05
-0.000184261
-4.26716e-05
-0.000187757
-0.000191502
-5.2638e-05
5.80351e-07
-0.000142498
6.87694e-07
-0.000147355
6.31762e-07
-0.000148873
4.48081e-07
-0.000150005
1.84483e-07
-0.000151119
-1.67038e-07
-0.000152193
-6.10981e-07
-0.000153268
-1.16117e-06
-0.000154341
-1.8384e-06
-0.00015544
-2.6715e-06
-0.000156564
-3.69866e-06
-0.000157731
-4.96904e-06
-0.000159009
-6.54318e-06
-0.000160382
-8.49373e-06
-0.000161938
-1.09031e-05
-0.000163667
-1.38606e-05
-0.000165586
-1.74604e-05
-0.000167723
-2.18023e-05
-0.000169995
-2.69998e-05
-0.000172326
-3.31986e-05
-0.000174659
-4.05964e-05
-0.000176864
-4.94699e-05
-0.000178883
-0.000180768
-6.02039e-05
6.69794e-07
-0.000143168
6.65597e-07
-0.00014735
5.74173e-07
-0.000148781
3.60111e-07
-0.000149791
7.28261e-08
-0.000150831
-3.11719e-07
-0.000151808
-8.09184e-07
-0.00015277
-1.43689e-06
-0.000153713
-2.21804e-06
-0.000154659
-3.18293e-06
-0.000155599
-4.37053e-06
-0.000156543
-5.83063e-06
-0.000157548
-7.62451e-06
-0.000158589
-9.82651e-06
-0.000159736
-1.25222e-05
-0.000160972
-1.58058e-05
-0.000162302
-1.97773e-05
-0.000163751
-2.45393e-05
-0.000165233
-3.02017e-05
-0.000166664
-3.68962e-05
-0.000167965
-4.47928e-05
-0.000168967
-5.41264e-05
-0.00016955
-0.000169667
-6.52271e-05
8.01727e-07
-0.00014397
6.07887e-07
-0.000147157
4.87568e-07
-0.000148661
2.57515e-07
-0.000149561
-2.79177e-08
-0.000150546
-4.22902e-07
-0.000151413
-9.44599e-07
-0.000152248
-1.61405e-06
-0.000153044
-2.4559e-06
-0.000153817
-3.50062e-06
-0.000154554
-4.78675e-06
-0.000155257
-6.36317e-06
-0.000155972
-8.29017e-06
-0.000156662
-1.06415e-05
-0.000157385
-1.35031e-05
-0.00015811
-1.69714e-05
-0.000158834
-2.11498e-05
-0.000159573
-2.61434e-05
-0.00016024
-3.20591e-05
-0.000160748
-3.90143e-05
-0.00016101
-4.71495e-05
-0.000160832
-5.66507e-05
-0.000160048
-0.000158542
-6.7776e-05
9.25386e-07
-0.000144895
4.69572e-07
-0.000146701
3.44434e-07
-0.000148536
1.32628e-07
-0.000149349
-1.28784e-07
-0.000150284
-5.05439e-07
-0.000151037
-1.02005e-06
-0.000151734
-1.69432e-06
-0.00015237
-2.55237e-06
-0.000152959
-3.62346e-06
-0.000153483
-4.9444e-06
-0.000153936
-6.562e-06
-0.000154354
-8.53413e-06
-0.000154689
-1.0932e-05
-0.000154987
-1.38398e-05
-0.000155202
-1.7353e-05
-0.000155321
-2.15761e-05
-0.00015535
-2.66158e-05
-0.0001552
-3.25768e-05
-0.000154787
-3.95654e-05
-0.000154021
-4.76948e-05
-0.000152702
-5.71028e-05
-0.00015064
-0.000147671
-6.79733e-05
9.30775e-07
-0.000145826
2.21483e-07
-0.000145991
9.6823e-08
-0.000148411
-2.0924e-08
-0.000149231
-2.33563e-07
-0.000150072
-5.64585e-07
-0.000150706
-1.04144e-06
-0.000151257
-1.68421e-06
-0.000151727
-2.51446e-06
-0.000152129
-3.55873e-06
-0.000152439
-4.85094e-06
-0.000152644
-6.43476e-06
-0.000152771
-8.36452e-06
-0.00015276
-1.07077e-05
-0.000152644
-1.35443e-05
-0.000152366
-1.69671e-05
-0.000151898
-2.10792e-05
-0.000151238
-2.59875e-05
-0.000150292
-3.17963e-05
-0.000148978
-3.8605e-05
-0.000147212
-4.65066e-05
-0.000144801
-5.55976e-05
-0.000141549
-0.000137274
-6.59951e-05
5.97853e-07
-0.000146424
-1.82786e-07
-0.000145211
-2.14157e-07
-0.00014838
-2.31369e-07
-0.000149214
-3.46681e-07
-0.000149957
-6.03803e-07
-0.000150448
-1.01455e-06
-0.000150846
-1.59202e-06
-0.000151149
-2.35276e-06
-0.000151368
-3.31905e-06
-0.000151472
-4.52079e-06
-0.000151442
-5.99743e-06
-0.000151294
-7.7988e-06
-0.000150958
-9.98725e-06
-0.000150455
-1.26376e-05
-0.000149715
-1.58377e-05
-0.000148698
-1.96872e-05
-0.000147388
-2.42922e-05
-0.000145687
-2.97584e-05
-0.000143512
-3.61842e-05
-0.000140787
-4.36525e-05
-0.000137333
-5.22323e-05
-0.00013297
-0.000127519
-6.19877e-05
-3.63053e-07
-0.000146061
-8.18925e-07
-0.000144755
-5.82528e-07
-0.000148616
-4.49417e-07
-0.000149347
-4.55085e-07
-0.000149951
-6.20502e-07
-0.000150283
-9.43358e-07
-0.000150523
-1.42732e-06
-0.000150665
-2.08214e-06
-0.000150713
-2.9246e-06
-0.00015063
-3.97942e-06
-0.000150387
-5.28076e-06
-0.000149993
-6.87268e-06
-0.000149366
-8.81111e-06
-0.000148517
-1.11641e-05
-0.000147362
-1.40128e-05
-0.000145849
-1.74516e-05
-0.000143949
-2.15848e-05
-0.000141554
-2.65206e-05
-0.000138576
-3.23633e-05
-0.000134944
-3.92001e-05
-0.000130496
-4.70925e-05
-0.000125077
-0.000118536
-5.6075e-05
-1.95059e-06
-0.00014411
-1.56727e-06
-0.000145138
-9.84744e-07
-0.000149199
-6.52313e-07
-0.00014968
-5.44699e-07
-0.000150058
-6.08627e-07
-0.000150219
-8.29339e-07
-0.000150303
-1.19906e-06
-0.000150296
-1.71943e-06
-0.000150193
-2.40053e-06
-0.000149949
-3.26084e-06
-0.000149527
-4.32786e-06
-0.000148926
-5.63829e-06
-0.000148056
-7.23974e-06
-0.000146915
-9.19127e-06
-0.000145411
-1.15648e-05
-0.000143476
-1.4447e-05
-0.000141067
-1.79375e-05
-0.000138063
-2.21467e-05
-0.000134367
-2.71896e-05
-0.000129901
-3.31727e-05
-0.000124513
-4.01786e-05
-0.000118071
-0.000110462
-4.8253e-05
-4.32408e-06
-0.000139786
-2.27612e-06
-0.000147186
-1.42055e-06
-0.000150054
-8.20236e-07
-0.00015028
-5.98071e-07
-0.000150281
-5.56783e-07
-0.00015026
-6.69748e-07
-0.00015019
-9.14302e-07
-0.000150051
-1.28228e-06
-0.000149825
-1.77603e-06
-0.000149455
-2.40672e-06
-0.000148896
-3.19382e-06
-0.000148138
-4.16485e-06
-0.000147085
-5.35658e-06
-0.000145723
-6.81586e-06
-0.000143951
-8.60151e-06
-0.00014169
-1.07869e-05
-0.000138882
-1.34615e-05
-0.000135389
-1.67318e-05
-0.000131097
-2.07212e-05
-0.000125912
-2.55618e-05
-0.000119672
-3.13813e-05
-0.000112252
-0.000103553
-3.82905e-05
-7.53402e-06
-0.000132252
-2.66739e-06
-0.000152053
-1.76904e-06
-0.000150953
-8.79756e-07
-0.000151169
-5.54973e-07
-0.000150605
-4.32111e-07
-0.000150383
-4.52323e-07
-0.000150169
-5.77238e-07
-0.000149926
-7.89144e-07
-0.000149613
-1.08351e-06
-0.000149161
-1.46449e-06
-0.000148515
-1.94295e-06
-0.00014766
-2.5357e-06
-0.000146492
-3.26607e-06
-0.000144993
-4.16474e-06
-0.000143053
-5.27162e-06
-0.000140583
-6.63879e-06
-0.000137514
-8.33379e-06
-0.000133694
-1.04444e-05
-0.000128986
-1.30846e-05
-0.000123271
-1.63982e-05
-0.000116359
-2.05578e-05
-0.000108092
-9.83727e-05
-2.57376e-05
-1.04645e-05
-2.12767e-06
-1.23911e-06
-5.22664e-07
-2.77758e-07
-1.80206e-07
-1.65222e-07
-1.97491e-07
-2.63791e-07
-3.59748e-07
-4.85547e-07
-6.44341e-07
-8.41643e-07
-1.08546e-06
-1.38668e-06
-1.76003e-06
-2.22581e-06
-2.81246e-06
-3.56103e-06
-4.53272e-06
-5.82042e-06
-7.56866e-06
-1.00072e-05
0.000128428
3.8504e-05
3.04178e-05
7.52415e-05
2.27686e-05
1.50952e-05
6.01463e-05
0.00018352
3.1048e-05
2.83268e-05
0.000183573
2.48061e-05
2.03968e-05
0.000178272
0.000172428
2.15563e-05
2.04567e-05
0.000186303
1.88011e-05
1.65649e-05
0.000190134
0.000157616
1.5266e-05
1.42968e-05
0.000169741
1.28358e-05
1.10154e-05
0.000175291
0.000149721
1.04823e-05
9.46917e-06
0.000159653
7.73151e-06
5.86908e-06
0.000164799
0.000150263
5.98727e-06
5.31755e-06
0.000159523
2.62358e-06
1.14408e-06
0.000164248
0.000156011
1.00027e-07
3.70045e-07
0.000166252
-2.66947e-06
-3.4063e-06
0.000170802
0.000173431
-2.78989e-06
-2.95938e-06
0.000178618
-4.52679e-06
-5.76663e-06
0.000180978
0.00020242
-6.15603e-06
-7.0178e-06
0.000210331
-8.37978e-06
-9.82844e-06
0.000214393
0.000224342
-1.10586e-05
-1.16152e-05
0.000233113
-1.25535e-05
-1.37303e-05
0.000237015
0.000228169
-1.62224e-05
-1.67209e-05
0.000238465
-1.77438e-05
-1.9047e-05
0.000243782
0.000223909
-2.18023e-05
-2.2393e-05
0.000235763
-2.39262e-05
-2.58516e-05
0.000242568
0.000217826
-2.82731e-05
-2.84976e-05
0.000232523
-3.25188e-05
-3.44402e-05
0.000241111
0.000217669
-3.84472e-05
0.000228354
-3.91823e-05
0.000236471
-4.06356e-05
-4.23676e-05
0.000244398
0.000206149
-4.86608e-05
0.000216375
-4.94082e-05
0.00022615
-5.04114e-05
-5.14523e-05
0.000235235
0.000192136
-5.83949e-05
0.000202028
-5.93007e-05
0.000211865
-6.02485e-05
-6.11137e-05
0.000221527
0.000177926
-6.76502e-05
0.000187423
-6.87972e-05
0.000197062
-6.98881e-05
-7.08149e-05
0.000206764
0.000163613
-7.63809e-05
0.000172634
-7.78184e-05
0.000181895
-7.91489e-05
-8.0251e-05
0.000191331
0.000148712
-8.4471e-05
0.000157117
-8.62233e-05
0.000165806
-8.78379e-05
-8.91711e-05
0.000174726
0.000132787
-9.1764e-05
0.000140398
-9.3834e-05
0.000148307
-9.57475e-05
-9.73371e-05
0.000156473
0.000115632
-9.80951e-05
0.000122266
-0.000100468
0.000129195
-0.000102677
-0.000104535
0.000136393
9.73139e-05
-0.000103314
0.000102805
-0.000105959
0.000108577
-0.000108449
-0.000110583
0.000114626
7.80235e-05
-0.000107293
8.22293e-05
-0.000110165
8.669e-05
-0.000112909
-0.000115326
9.14323e-05
5.81121e-05
-0.000109932
6.09149e-05
-0.000112968
6.39304e-05
-0.000115925
-0.000118614
6.72186e-05
3.8003e-05
-0.000111164
3.93122e-05
-0.000114277
4.07658e-05
-0.000117378
-0.0001203
4.24523e-05
1.81829e-05
-0.000110962
1.7946e-05
-0.00011404
1.77491e-05
-0.000117182
-0.000120248
1.76971e-05
-8.08791e-07
-0.000109353
-2.58408e-06
-0.000112265
-4.46168e-06
-0.000115304
-0.00011837
-6.34028e-06
-1.84191e-05
-0.000106447
-2.16359e-05
-0.000109048
-2.51244e-05
-0.000111816
-0.000114684
-2.88099e-05
-3.41178e-05
-0.000102418
-3.85906e-05
-0.000104575
-4.35026e-05
-0.000106904
-0.000109365
-4.88222e-05
-4.74722e-05
-9.74984e-05
-5.29359e-05
-9.91112e-05
-5.89744e-05
-0.000100865
-0.000102738
-6.56008e-05
-5.81807e-05
-9.19557e-05
-6.43202e-05
-9.29717e-05
-7.11133e-05
-9.4072e-05
-9.52422e-05
-7.86093e-05
-6.61013e-05
-8.60582e-05
-7.25963e-05
-8.64766e-05
-7.97574e-05
-8.69108e-05
-8.73464e-05
-8.76532e-05
-7.12416e-05
-8.00438e-05
-7.78116e-05
-7.99066e-05
-8.50028e-05
-7.97196e-05
-7.94644e-05
-9.28848e-05
-7.37179e-05
-7.4102e-05
-8.01478e-05
-7.34767e-05
-8.71187e-05
-7.27487e-05
-7.18952e-05
-9.46878e-05
-7.37014e-05
-6.83738e-05
-7.98423e-05
-6.73358e-05
-8.64324e-05
-6.61587e-05
-6.48168e-05
-9.35108e-05
-7.14119e-05
-6.2957e-05
-7.71708e-05
-6.1577e-05
-8.32923e-05
-6.00371e-05
-5.8311e-05
-8.97981e-05
-6.70288e-05
-5.79158e-05
-7.23534e-05
-5.62524e-05
-7.79689e-05
-5.44217e-05
-5.23982e-05
-8.38817e-05
-6.07034e-05
-5.32874e-05
-6.55754e-05
-5.13804e-05
-7.06871e-05
-4.931e-05
-4.70534e-05
-7.60319e-05
-5.24388e-05
-4.91016e-05
-5.68551e-05
-4.69642e-05
-6.149e-05
-4.4675e-05
-4.22173e-05
-6.63261e-05
-4.19608e-05
-4.54313e-05
-4.5889e-05
-4.30359e-05
-5.00687e-05
-4.04953e-05
-3.78042e-05
-5.44818e-05
-2.86493e-05
-4.25196e-05
-3.18888e-05
-3.97964e-05
-3.54839e-05
-3.69002e-05
-3.38392e-05
-3.94488e-05
-1.14725e-05
-1.31998e-05
-1.52553e-05
-1.77247e-05
6.06067e-05
1.85553e-05
0.000133027
1.01458e-05
0.000152018
-1.51548e-06
0.000149158
-3.1114e-06
0.000132942
-2.27792e-06
0.000109686
-1.67038e-05
9.05007e-05
-3.37758e-05
7.85103e-05
-4.56201e-05
7.67965e-05
-5.71654e-05
8.00172e-05
-5.67403e-05
8.55848e-05
-4.80178e-05
9.01206e-05
-3.14273e-05
9.0814e-05
-9.30886e-06
8.63993e-05
1.48516e-05
7.65394e-05
3.82543e-05
6.1632e-05
5.81623e-05
4.27179e-05
7.20231e-05
2.14715e-05
7.80525e-05
7.57653e-05
0.0001661
3.07276e-05
0.000162156
1.4089e-05
0.000159479
1.16179e-06
0.000164979
-8.61126e-06
0.000179879
-1.7178e-05
0.000186719
-2.35442e-05
0.000177085
-2.41418e-05
0.000157235
-2.57698e-05
0.000137933
-3.78631e-05
0.000124982
-4.37898e-05
0.000118265
-4.12999e-05
0.000115696
-2.88586e-05
0.000112341
-5.95434e-06
0.000104993
2.21997e-05
9.21891e-05
5.10584e-05
7.39923e-05
7.63592e-05
5.13055e-05
9.471e-05
2.57764e-05
0.000103582
0.000101542
0.000192786
2.80762e-05
0.000193689
1.31861e-05
0.000194388
4.62656e-07
0.00019506
-9.28325e-06
0.000194674
-1.6792e-05
0.000193265
-2.21354e-05
0.000195787
-2.66635e-05
0.00020176
-3.17429e-05
0.000197745
-3.3848e-05
0.00017976
-2.58047e-05
0.000164723
-2.62631e-05
0.000152665
-1.68005e-05
0.00014259
4.12074e-06
0.000129988
3.48009e-05
0.00011251
6.85373e-05
8.95793e-05
9.92895e-05
6.19717e-05
0.000122318
3.11652e-05
0.000134388
0.000132707
0.000185455
1.79115e-05
0.000192433
6.20889e-06
0.000197645
-4.74963e-06
0.000202362
-1.40005e-05
0.000206688
-2.11176e-05
0.000210145
-2.55926e-05
0.00021088
-2.73982e-05
0.000207443
-2.83066e-05
0.000203903
-3.03074e-05
0.000213856
-3.57574e-05
0.000207525
-1.99328e-05
0.000196945
-6.22014e-06
0.000181838
1.92272e-05
0.000162862
5.37779e-05
0.000138675
9.27236e-05
0.000108951
0.000129014
7.48603e-05
0.000156408
3.76858e-05
0.000171563
0.000170393
0.000176182
6.52841e-06
0.000185692
-3.30063e-06
0.000193857
-1.29146e-05
0.000201065
-2.12087e-05
0.000207486
-2.75387e-05
0.00021306
-3.11665e-05
0.000217734
-3.2072e-05
0.000220475
-3.10482e-05
0.000218877
-2.8709e-05
0.000210593
-2.74739e-05
0.000222084
-3.14231e-05
0.000228967
-1.31037e-05
0.000223751
2.44435e-05
0.000204453
7.30763e-05
0.000172454
0.000124722
0.000133023
0.000168445
9.01746e-05
0.000199257
4.52825e-05
0.000216455
0.000215675
0.000174649
-3.87245e-06
0.000184727
-1.33796e-05
0.000193551
-2.17377e-05
0.000201356
-2.90144e-05
0.00020837
-3.45527e-05
0.000214818
-3.76138e-05
0.000220293
-3.75474e-05
0.000224477
-3.52323e-05
0.000227036
-3.12678e-05
0.0002259
-2.63383e-05
0.000217526
-2.30486e-05
0.00023003
-2.56077e-05
0.000247689
6.78421e-06
0.000245953
7.48129e-05
0.00021275
0.000157925
0.000162308
0.000218887
0.000108012
0.000253552
5.38092e-05
0.000270658
0.000269484
0.00018057
-1.36398e-05
0.000189221
-2.2031e-05
0.000196975
-2.9492e-05
0.000204335
-3.63743e-05
0.000211355
-4.15728e-05
0.000218437
-4.46953e-05
0.00022367
-4.27805e-05
0.000228171
-3.97329e-05
0.000231363
-3.44607e-05
0.000232485
-2.74599e-05
0.000230269
-2.08327e-05
0.000221404
-1.67428e-05
0.000246325
-1.81366e-05
0.000275576
4.55616e-05
0.000253694
0.000179808
0.000195447
0.000277133
0.000127842
0.000321158
6.28986e-05
0.000335601
0.000332383
0.000187966
-2.06271e-05
0.000195537
-2.96026e-05
0.000202202
-3.61565e-05
0.000208144
-4.23171e-05
0.000214549
-4.79777e-05
0.000217517
-4.7663e-05
0.00022391
-4.91738e-05
0.000231238
-4.70602e-05
0.000235673
-3.8896e-05
0.000237313
-2.91004e-05
0.000236603
-2.01218e-05
0.000232356
-1.24962e-05
0.000222435
-8.21576e-06
0.000263791
4.20532e-06
0.000280884
0.000162715
0.000225667
0.00033235
0.000147335
0.00039949
7.17988e-05
0.000411136
0.000404182
0.00022261
-2.88439e-05
0.000229068
-3.60608e-05
0.000233483
-4.05718e-05
0.000235192
-4.40259e-05
0.000233729
-4.65142e-05
0.000229697
-4.36313e-05
0.00022448
-4.39573e-05
0.000229102
-5.16821e-05
0.000237005
-4.67987e-05
0.000241319
-3.34145e-05
0.000240675
-1.94777e-05
0.000237617
-9.43835e-06
0.000231425
-2.024e-06
0.000233301
2.32944e-06
0.000291109
0.000104908
0.000247121
0.000376338
0.000163702
0.000482909
7.94422e-05
0.000495396
0.000483624
0.000246043
-3.7872e-05
0.000253517
-4.3535e-05
0.000259146
-4.62006e-05
0.000261649
-4.65291e-05
0.000260179
-4.50446e-05
0.000258166
-4.16179e-05
0.000256283
-4.20743e-05
0.000251857
-4.72561e-05
0.000244543
-3.94849e-05
0.000243392
-3.2263e-05
0.00024281
-1.88958e-05
0.000239819
-6.44711e-06
0.000235034
2.76041e-06
0.000227306
1.00574e-05
0.000279622
5.25917e-05
0.000252374
0.000403587
0.00017256
0.000562723
8.40439e-05
0.000583912
0.000567668
0.00025588
-4.99705e-05
0.000267042
-5.46964e-05
0.000276467
-5.56258e-05
0.000283155
-5.32176e-05
0.000286483
-4.83727e-05
0.000287146
-4.22808e-05
0.000283017
-3.79449e-05
0.000270654
-3.48936e-05
0.000261008
-2.98385e-05
0.000247352
-1.86072e-05
0.000243899
-1.54431e-05
0.000239962
-2.50984e-06
0.000235232
7.49061e-06
0.000229545
1.57447e-05
0.000250432
3.17044e-05
0.000238599
0.00041542
0.000169972
0.000631349
8.40676e-05
0.000669817
0.000651736
0.000258946
-6.63493e-05
0.000274156
-6.9906e-05
0.000287184
-6.86543e-05
0.000296919
-6.29517e-05
0.000302199
-5.36533e-05
0.000302115
-4.21963e-05
0.000295038
-3.08683e-05
0.00028062
-2.04752e-05
0.000261114
-1.03331e-05
0.00025122
-8.7132e-06
0.000244011
-8.23422e-06
0.000238575
2.92648e-06
0.000233616
1.24497e-05
0.000228711
2.06493e-05
0.000229474
3.09422e-05
0.000215868
0.000429025
0.000157431
0.000689787
7.93393e-05
0.000747908
0.000731075
0.00026074
-8.59775e-05
0.000278333
-8.74997e-05
0.000293344
-8.36649e-05
0.000304605
-7.42124e-05
0.000310574
-5.96226e-05
0.000309815
-4.14376e-05
0.000301262
-2.23154e-05
0.000285818
-5.03056e-06
0.000267575
7.90909e-06
0.000255189
3.67337e-06
0.000243243
3.71134e-06
0.000235818
1.0352e-05
0.000230265
1.80023e-05
0.000225501
2.54131e-05
0.000217943
3.85007e-05
0.000191514
0.000455454
0.000139221
0.00074208
7.10312e-05
0.000816098
0.000802106
0.000262416
-0.000103995
0.000279806
-0.000104889
0.000295284
-9.91438e-05
0.000307033
-8.59605e-05
0.000312921
-6.55111e-05
0.000311187
-3.97038e-05
0.000301285
-1.24132e-05
0.000285084
1.11707e-05
0.000268477
2.45155e-05
0.000253617
1.85335e-05
0.000241227
1.61016e-05
0.0002319
1.96787e-05
0.000225743
2.41596e-05
0.000221981
2.91756e-05
0.00020382
5.66609e-05
0.00016546
0.000493814
0.000117854
0.000789685
6.07729e-05
0.00087318
0.000862879
0.000255508
-0.000124269
0.000274581
-0.000123963
0.000291353
-0.000115915
0.000303735
-9.83429e-05
0.000309264
-7.104e-05
0.000306011
-3.64511e-05
0.00029365
-5.22239e-08
0.00027481
3.00114e-05
0.000255868
4.34572e-05
0.000245714
2.86878e-05
0.000237909
2.3906e-05
0.000228627
2.89604e-05
0.000219195
3.35918e-05
0.000209578
3.87932e-05
0.000179104
8.7134e-05
0.00013803
0.000534888
9.72745e-05
0.000830441
5.09359e-05
0.000919518
0.000913815
0.000243607
-0.000146349
0.000264427
-0.000144783
0.000282494
-0.000133981
0.000295307
-0.000111156
0.000300075
-7.58086e-05
0.000294808
-3.11834e-05
0.000279486
1.52693e-05
0.000257549
5.19485e-05
0.000236294
6.47122e-05
0.000237017
2.79652e-05
0.00023335
2.75729e-05
0.000226108
3.62017e-05
0.000215392
4.43082e-05
0.000198942
5.5243e-05
0.000179793
0.000106283
0.000135067
0.000579615
8.92794e-05
0.000876229
4.52787e-05
0.000963519
0.000959093
0.000229544
-0.000169129
0.000251279
-0.000166519
0.000269941
-0.000152643
0.000282558
-0.000123774
0.000286085
-7.93352e-05
0.000278731
-2.38297e-05
0.000261253
3.27471e-05
0.000238753
7.44491e-05
0.000222043
8.14225e-05
0.000229218
2.07898e-05
0.00022586
3.09309e-05
0.000222024
4.00382e-05
0.00021554
5.07922e-05
0.000203675
6.71074e-05
0.000207689
0.000102269
0.000155688
0.000631616
9.40249e-05
0.000937892
4.37906e-05
0.00101375
0.00100288
0.000213897
-0.000191695
0.000235628
-0.000188249
0.000254059
-0.000171074
0.000265814
-0.000135528
0.000267728
-8.125e-05
0.000258508
-1.46091e-05
0.0002402
5.10545e-05
0.000219847
9.48028e-05
0.00020896
9.23094e-05
0.000210251
1.9499e-05
0.000214744
2.64376e-05
0.000214152
4.06298e-05
0.000210931
5.40137e-05
0.000203086
7.4952e-05
0.000190691
0.000114664
0.000147283
0.000675025
8.60618e-05
0.000999113
3.81579e-05
0.00106166
0.00104104
0.00019631
-0.00021328
0.000217233
-0.000209172
0.000234762
-0.000188604
0.000245193
-0.000145959
0.000245281
-8.1338e-05
0.000234244
-3.57207e-06
0.000215633
6.96664e-05
0.000198448
0.000111987
0.000195513
9.52442e-05
0.000185804
2.92084e-05
0.000196379
1.58623e-05
0.000201116
3.58933e-05
0.000203232
5.18977e-05
0.000198342
7.98422e-05
0.000147275
0.00016573
9.85558e-05
0.000723744
5.35947e-05
0.00104407
2.21908e-05
0.00109306
0.00106323
0.000176422
-0.000233229
0.00019594
-0.000228689
0.000212234
-0.000204897
0.000221319
-0.000155044
0.000219614
-7.96335e-05
0.000206275
9.76737e-06
0.000185162
9.07789e-05
0.000164539
0.000132611
0.000155268
0.000104515
0.000154422
3.00541e-05
0.000172827
-2.54231e-06
0.000180505
2.82151e-05
0.000177712
5.46907e-05
0.000167588
8.99662e-05
7.93869e-05
0.000253931
2.9416e-05
0.000773715
8.37738e-06
0.00106511
-2.2462e-06
0.00110368
0.00106099
0.000154187
-0.000251023
0.00017198
-0.000246483
0.000187212
-0.00022013
0.000195791
-0.000163623
0.000193502
-7.73438e-05
0.000178644
2.4625e-05
0.000154008
0.000115415
0.000125411
0.000161208
9.56898e-05
0.000134236
6.10511e-05
6.46928e-05
7.49142e-05
-1.64054e-05
0.000118691
-1.55618e-05
0.000119222
5.41595e-05
6.81681e-05
0.000141021
-2.77597e-05
0.000349859
-6.22449e-05
0.0008082
-4.37721e-05
0.00104664
-3.0372e-05
0.00109028
0.00103061
0.000129873
-0.00026627
0.000145854
-0.000262464
0.00016067
-0.000234946
0.000170632
-0.000173585
0.000171244
-7.79558e-05
0.000160184
3.56843e-05
0.000141621
0.000133978
0.00012511
0.000177719
0.000107723
0.000151623
4.90031e-05
0.000123413
-2.43132e-05
5.69108e-05
-2.03699e-05
-1.95051e-05
1.5643e-06
3.22254e-05
-3.79885e-05
0.000180573
-0.000123034
0.000434905
-0.000128041
0.000813206
-8.25959e-05
0.00100119
-4.96867e-05
0.00105738
0.000980928
0.000103787
-0.000278624
0.000117873
-0.00027655
0.0001329
-0.000249973
0.000146263
-0.000186947
0.000153901
-8.55936e-05
0.000153499
3.6086e-05
0.000152398
0.000135079
0.000172321
0.000157796
0.000194996
0.000128948
0.000179281
0.000139127
8.86051e-05
0.000147587
-9.9461e-06
7.90461e-05
-3.46723e-05
5.69516e-05
-8.67927e-05
0.000232694
-0.00015219
0.000500302
-0.000143929
0.000804945
-9.617e-05
0.000953436
-5.48317e-05
0.00101604
0.000926096
7.6295e-05
-0.000287701
8.81695e-05
-0.000288425
0.000103478
-0.000265281
0.000121264
-0.000204733
0.000138272
-0.000102602
0.00015167
2.2688e-05
0.000169596
0.000117153
0.000201533
0.000125859
0.000202493
0.000127989
0.000193526
0.000148094
0.000175524
0.000165589
8.98588e-05
0.000164711
-3.67154e-06
0.000150482
-7.7396e-05
0.000306418
-0.000135866
0.000558772
-0.000128784
0.000797863
-8.99922e-05
0.000914644
-4.93542e-05
0.000975399
0.000876742
4.77569e-05
-0.000293005
5.66862e-05
-0.000297354
7.14079e-05
-0.000280003
9.31412e-05
-0.000226467
0.000120461
-0.000129921
0.000150292
-7.1433e-06
0.000173898
9.35475e-05
0.000191983
0.000107774
0.000193644
0.000126328
0.000191357
0.000150381
0.000182443
0.000174503
0.000151819
0.000195335
8.3084e-05
0.000219217
-2.57181e-05
0.00041522
-9.63613e-05
0.000629415
-0.000101496
0.000802998
-7.53389e-05
0.000888487
-4.03917e-05
0.000940452
0.00083635
1.86409e-05
-0.000293949
2.34131e-05
-0.000302126
3.55333e-05
-0.000292123
5.83943e-05
-0.000249328
9.27291e-05
-0.000164256
0.00013337
-4.77841e-05
0.000162844
6.40732e-05
0.000173987
9.66312e-05
0.000176993
0.000123321
0.000176193
0.000151181
0.000171011
0.000179684
0.000155556
0.00021079
0.000122709
0.000252064
1.9076e-05
0.000518853
-5.98287e-05
0.00070832
-7.67604e-05
0.00081993
-6.13673e-05
0.000873094
-3.32033e-05
0.000912288
0.000803147
-1.02625e-05
-0.000290027
-1.09363e-05
-0.000301452
-4.17557e-06
-0.000298884
1.54068e-05
-0.00026891
5.07028e-05
-0.000199552
9.6428e-05
-9.35093e-05
0.00013722
2.32814e-05
0.000146818
8.70335e-05
0.000152218
0.000117921
0.000152154
0.000151245
0.00014859
0.000183249
0.000138791
0.000220589
0.000116267
0.000274587
2.82852e-05
0.000606836
-4.66586e-05
0.000783264
-6.51787e-05
0.00083845
-5.42056e-05
0.000862121
-3.07907e-05
0.000888873
0.000772356
-3.78038e-05
-0.000281033
-4.49107e-05
-0.000294345
-4.56932e-05
-0.000298101
-3.39532e-05
-0.00028065
-4.21781e-06
-0.000229287
4.24829e-05
-0.00014021
9.42167e-05
-2.84524e-05
0.000112612
6.86384e-05
0.000120499
0.000110034
0.000121507
0.000150237
0.000120482
0.000184274
0.000115949
0.000225122
5.86069e-05
0.000331929
-2.43622e-05
0.000689805
-6.76493e-05
0.000826551
-7.14857e-05
0.000842286
-5.66935e-05
0.000847328
-3.39548e-05
0.000866134
0.000738401
-6.26235e-05
-0.000267232
-7.64876e-05
-0.000280481
-8.64965e-05
-0.000288092
-8.61691e-05
-0.000280978
-6.79455e-05
-0.000247511
-2.81998e-05
-0.000179956
2.64527e-05
-8.31048e-05
7.42009e-05
2.08902e-05
8.56666e-05
9.85679e-05
8.95721e-05
0.000146332
8.94537e-05
0.000184393
7.32608e-05
0.000241315
-3.72924e-05
0.000442482
-0.000103374
0.000755886
-0.000107879
0.000831056
-9.0527e-05
0.000824934
-6.71182e-05
0.00082392
-4.11102e-05
0.000840126
0.000697291
-8.33983e-05
-0.000249434
-0.000103364
-0.000260515
-0.000122745
-0.000268712
-0.000136086
-0.000267636
-0.000135459
-0.000248138
-0.000113376
-0.000202039
-6.81928e-05
-0.000128288
-9.4263e-06
-3.78763e-05
4.12899e-05
4.78517e-05
5.2799e-05
0.000134822
1.60136e-05
0.000221178
-7.14791e-05
0.000328808
-0.0001835
0.000554503
-0.000186472
0.000758858
-0.000150537
0.000795122
-0.000113279
0.000787676
-8.07509e-05
0.000791392
-4.89895e-05
0.000808365
0.000648302
-9.91232e-05
-0.000228921
-0.000123559
-0.00023608
-0.000150564
-0.000241706
-0.00017664
-0.00024156
-0.000195823
-0.000228956
-0.000201114
-0.000196748
-0.000188415
-0.000140986
-0.000162415
-6.38765e-05
-0.000142828
2.82646e-05
-0.000147187
0.000139182
-0.000189788
0.000263779
-0.00026376
0.000402779
-0.000292
0.000582743
-0.000244502
0.000711359
-0.000182858
0.000733478
-0.000132342
0.00073716
-9.27732e-05
0.000751823
-5.42897e-05
0.000769881
0.000594012
-0.000109385
-0.000207188
-0.000136033
-0.000209433
-0.000167401
-0.000210338
-0.000201851
-0.00020711
-0.000235893
-0.000194913
-0.000264772
-0.000167869
-0.000284681
-0.000121078
-0.000296821
-5.17367e-05
-0.000309327
4.07706e-05
-0.000326163
0.000156019
-0.000350323
0.000287939
-0.000369721
0.000422177
-0.000340413
0.000553436
-0.000267836
0.000638782
-0.000198365
0.000664007
-0.000143291
0.000682086
-9.97106e-05
0.000708243
-5.5299e-05
0.00072547
0.000538713
-0.000114463
-0.00018561
-0.000141079
-0.000182817
-0.000173211
-0.000178207
-0.000210413
-0.000169907
-0.00025088
-0.000154446
-0.000291583
-0.000127166
-0.000329269
-8.33914e-05
-0.000361794
-1.92118e-05
-0.000387868
6.68442e-05
-0.000405081
0.000173232
-0.000407282
0.000290139
-0.000388458
0.000403354
-0.000336393
0.000501371
-0.000263722
0.000566111
-0.000198829
0.000599114
-0.000145478
0.000628735
-0.000100206
0.00066297
-5.18843e-05
0.000677148
0.000486829
-0.00011513
-0.000165168
-0.000140055
-0.000157892
-0.000170148
-0.000148114
-0.000205516
-0.000134539
-0.000245173
-0.000114789
-0.000286866
-8.54734e-05
-0.000327412
-4.2845e-05
-0.000362965
1.63412e-05
-0.000389036
9.29147e-05
-0.000399721
0.000183917
-0.000390126
0.000280544
-0.000358693
0.000371921
-0.000306453
0.00044913
-0.000245173
0.000504831
-0.000189526
0.000543467
-0.000140492
0.000579701
-9.48674e-05
0.000617346
-4.50584e-05
0.000627339
0.00044177
-0.000112285
-0.000146393
-0.000134643
-0.000135534
-0.00016117
-0.000121586
-0.000192109
-0.0001036
-0.000226856
-8.00421e-05
-0.000263618
-4.87119e-05
-0.000299274
-7.18818e-06
-0.000329904
4.6971e-05
-0.000350409
0.00011342
-0.000355724
0.000189231
-0.0003431
0.00026792
-0.0003132
0.000342021
-0.000269892
0.000405823
-0.000221402
0.00045634
-0.000174864
0.000496929
-0.000130427
0.000535263
-8.54441e-05
0.000572364
-3.65632e-05
0.000578458
0.000405207
-0.000106725
-0.000129467
-0.000126294
-0.000115965
-0.00014886
-9.90204e-05
-0.000174606
-7.78541e-05
-0.000203094
-5.15538e-05
-0.000232857
-1.89491e-05
-0.000261537
2.14924e-05
-0.000285346
7.07798e-05
-0.000300308
0.000128381
-0.000302879
0.000191803
-0.000291612
0.000256653
-0.000267656
0.000318065
-0.000234309
0.000372477
-0.00019643
0.000418461
-0.000157466
0.000457965
-0.000117287
0.000495084
-7.40503e-05
0.000529127
-2.81643e-05
0.000532572
0.000377043
-9.8988e-05
-0.00011436
-0.000115907
-9.90463e-05
-0.000134765
-8.01621e-05
-0.000155693
-5.69266e-05
-0.000178316
-2.89308e-05
-0.000201522
4.25732e-06
-0.000223399
4.33688e-05
-0.000241207
8.8588e-05
-0.000252023
0.000139197
-0.000253515
0.000193294
-0.00024483
0.000247968
-0.000226819
0.000300054
-0.000201587
0.000347244
-0.000171733
0.000388608
-0.000138879
0.00042511
-0.000102782
0.000458988
-6.2496e-05
0.000488841
-2.10864e-05
0.000491163
0.000355956
-8.94798e-05
-0.000100912
-0.000104056
-8.44697e-05
-0.000119669
-6.45494e-05
-0.00013655
-4.00459e-05
-0.000154439
-1.10418e-05
-0.000172387
2.22056e-05
-0.000188906
5.98876e-05
-0.000202117
0.000101799
-0.000210044
0.000147124
-0.000211142
0.000194392
-0.000204797
0.000241623
-0.000191416
0.000286673
-0.000172115
0.000327944
-0.000148188
0.00036468
-0.000120344
0.000397267
-8.83449e-05
0.000426988
-5.20135e-05
0.00045251
-1.5828e-05
0.000454977
0.000340128
-7.84206e-05
-8.8818e-05
-9.11067e-05
-7.17837e-05
-0.000103952
-5.17044e-05
-0.000117526
-2.64718e-05
-0.00013189
3.32206e-06
-0.000145997
3.63131e-05
-0.000158685
7.25754e-05
-0.000168659
0.000111773
-0.000174624
0.000153089
-0.000175549
0.000195317
-0.000170928
0.000237002
-0.000160842
0.000276587
-0.000145781
0.000312883
-0.000126334
0.000345234
-0.000102786
0.000373719
-7.49682e-05
0.00039917
-4.31961e-05
0.000420738
-1.22862e-05
0.000424067
0.000327842
-6.56375e-05
-7.76624e-05
-7.71719e-05
-6.02492e-05
-8.78219e-05
-4.10544e-05
-9.89037e-05
-1.53901e-05
-0.000110814
1.52325e-05
-0.000122194
4.76927e-05
-0.000132187
8.25689e-05
-0.000139906
0.000119492
-0.000144508
0.000157691
-0.000145301
0.000196111
-0.00014187
0.000233571
-0.00013412
0.000268837
-0.000122204
0.000300967
-0.000106357
0.000329387
-8.66779e-05
0.00035404
-6.30736e-05
0.000375566
-3.60639e-05
0.000393728
-1.00879e-05
0.000398091
0.000317754
-4.98432e-05
-6.72679e-05
-6.14502e-05
-4.86423e-05
-7.07944e-05
-3.17102e-05
-8.15645e-05
-4.61993e-06
-9.19143e-05
2.55824e-05
-0.000101427
5.72049e-05
-0.000109443
9.05853e-05
-0.000115384
0.000125433
-0.000118791
0.000161098
-0.000119264
0.000196584
-0.000116523
0.00023083
-0.000110442
0.000262756
-0.000101037
0.000291562
-8.83813e-05
0.000316731
-7.24737e-05
0.000338132
-5.3164e-05
0.000356256
-3.0719e-05
0.000371283
-8.80071e-06
0.000376173
0.000308953
-2.58373e-05
-3.77905e-05
-5.22995e-05
-6.49086e-05
-7.70052e-05
-8.63377e-05
-9.30503e-05
-9.72571e-05
-9.89401e-05
-9.80775e-05
-9.46685e-05
-8.87589e-05
-8.04543e-05
-6.98926e-05
-5.71848e-05
-4.23407e-05
-2.55277e-05
-9.02499e-06
)
;

boundaryField
{
    leftWall
    {
        type            calculated;
        value           uniform 0;
    }
    rightWall
    {
        type            calculated;
        value           uniform 0;
    }
    lowerWall
    {
        type            calculated;
        value           uniform 0;
    }
    atmosphere
    {
        type            calculated;
        value           nonuniform List<scalar> 
46
(
-0.000121787
-0.00016039
-0.000151841
-0.000151886
-0.00015085
-0.000150481
-0.000150184
-0.000149894
-0.000149547
-0.000149065
-0.000148389
-0.000147501
-0.000146295
-0.000144749
-0.000142751
-0.00014021
-0.000137049
-0.000133107
-0.000128237
-0.0001223
-0.000115071
-0.000106344
-9.59341e-05
-4.10543e-05
-3.80691e-05
-3.48447e-05
-3.13699e-05
-5.91553e-05
-3.66891e-05
-1.72012e-05
7.98922e-06
3.7679e-05
6.65374e-05
9.72979e-05
0.00012964
0.000162781
0.000195721
0.000227421
0.000256847
0.000283257
0.000306169
0.000325424
0.000341412
0.00035447
0.00035967
0.000299928
)
;
    }
    defaultFaces
    {
        type            empty;
        value           nonuniform List<scalar> 0();
    }
    porous_half0
    {
        type            cyclic;
        value           nonuniform List<scalar> 
13
(
9.80101e-05
0.000185611
0.000180298
0.000163776
0.000154549
0.000154415
0.000160959
0.000176761
0.000206478
0.000228939
0.000233275
0.000229581
0.00022393
)
;
    }
    porous_half1
    {
        type            cyclic;
        value           nonuniform List<scalar> 
13
(
-9.80101e-05
-0.000185611
-0.000180298
-0.000163776
-0.000154549
-0.000154415
-0.000160959
-0.000176761
-0.000206478
-0.000228939
-0.000233275
-0.000229581
-0.00022393
)
;
    }
}


// ************************************************************************* //
