/*--------------------------------*- C++ -*----------------------------------*\
| =========                 |                                                 |
| \\      /  F ield         | OpenFOAM: The Open Source CFD Toolbox           |
|  \\    /   O peration     | Version:  2212                                  |
|   \\  /    A nd           | Website:  www.openfoam.com                      |
|    \\/     M anipulation  |                                                 |
\*---------------------------------------------------------------------------*/
FoamFile
{
    version     2.0;
    format      ascii;
    arch        "LSB;label=32;scalar=64";
    class       volVectorField;
    location    "0.35";
    object      U;
}
// * * * * * * * * * * * * * * * * * * * * * * * * * * * * * * * * * * * * * //

dimensions      [0 1 -1 0 0 0 0];

internalField   nonuniform List<vector> 
2268
(
(-0.0488186 0.0186222 0)
(-0.0795806 0.00486557 0)
(-0.0630814 -0.00855742 0)
(-0.0231091 -0.0134929 0)
(0.0272189 -0.0150318 0)
(0.0812253 -0.0155942 0)
(0.135806 -0.0154732 0)
(0.18967 -0.0150517 0)
(0.241946 -0.014481 0)
(0.292011 -0.0137791 0)
(0.339269 -0.0129171 0)
(0.382991 -0.011836 0)
(0.422169 -0.0104392 0)
(0.455379 -0.00853725 0)
(0.480192 -0.0058202 0)
(0.494034 -0.000840882 0)
(0.487145 0.00727561 0)
(0.449601 0.0193389 0)
(0.374523 0.0338854 0)
(0.240721 0.0457307 0)
(0.0914247 0.0544966 0)
(-0.146175 0.0168456 0)
(-0.111265 -0.0591732 0)
(-0.0418803 0.0411084 0)
(-0.0394907 0.00397691 0)
(-0.016228 -0.0204283 0)
(0.0239915 -0.0321109 0)
(0.072452 -0.0370148 0)
(0.124304 -0.0387684 0)
(0.176848 -0.0388058 0)
(0.228682 -0.0379697 0)
(0.278919 -0.0366087 0)
(0.326897 -0.0348055 0)
(0.371974 -0.032513 0)
(0.413398 -0.0295918 0)
(0.450169 -0.0257974 0)
(0.480912 -0.0207022 0)
(0.503708 -0.013609 0)
(0.515663 -0.00286202 0)
(0.515886 0.0134377 0)
(0.498399 0.0369314 0)
(0.455647 0.0678168 0)
(0.364572 0.100128 0)
(0.242052 0.127722 0)
(0.0247828 0.0873689 0)
(-0.00142402 -0.0762448 0)
(-0.0218287 0.053976 0)
(-0.0105662 -0.00435343 0)
(0.0166785 -0.0365492 0)
(0.0569882 -0.0528057 0)
(0.103837 -0.0600948 0)
(0.153453 -0.0626095 0)
(0.203568 -0.062579 0)
(0.252916 -0.061179 0)
(0.300672 -0.0589113 0)
(0.346185 -0.0559053 0)
(0.388815 -0.0520888 0)
(0.427815 -0.0472422 0)
(0.462221 -0.0409851 0)
(0.490744 -0.0327043 0)
(0.511664 -0.0214499 0)
(0.522619 -0.00572473 0)
(0.521734 0.0169039 0)
(0.505914 0.0491272 0)
(0.472308 0.0930516 0)
(0.40922 0.143709 0)
(0.323133 0.189143 0)
(0.159874 0.148876 0)
(0.0805221 -0.0420355 0)
(-0.00421018 0.0567246 0)
(0.0123329 -0.0136275 0)
(0.043371 -0.0529418 0)
(0.0844064 -0.0732153 0)
(0.130198 -0.0823688 0)
(0.177871 -0.0854527 0)
(0.225677 -0.0852815 0)
(0.27259 -0.0833012 0)
(0.317903 -0.0801318 0)
(0.361015 -0.0759344 0)
(0.401307 -0.0706094 0)
(0.43806 -0.0638641 0)
(0.470363 -0.0551997 0)
(0.497033 -0.043842 0)
(0.516551 -0.0286462 0)
(0.526998 -0.00796335 0)
(0.526602 0.0206549 0)
(0.513332 0.0601079 0)
(0.485967 0.112991 0)
(0.438663 0.175723 0)
(0.373611 0.235278 0)
(0.248262 0.21124 0)
(0.136908 0.0320207 0)
(0.0069934 0.0503867 0)
(0.0301181 -0.0257696 0)
(0.0656648 -0.0706931 0)
(0.108092 -0.0938405 0)
(0.153371 -0.104232 0)
(0.199444 -0.107589 0)
(0.245134 -0.107147 0)
(0.289735 -0.104544 0)
(0.332704 -0.10047 0)
(0.37352 -0.0950966 0)
(0.411611 -0.0882912 0)
(0.4463 -0.0796939 0)
(0.476748 -0.0687049 0)
(0.50189 -0.0544212 0)
(0.520419 -0.0355622 0)
(0.530792 -0.010402 0)
(0.531616 0.0234536 0)
(0.521622 0.0688797 0)
(0.500371 0.128515 0)
(0.464754 0.199991 0)
(0.413223 0.271658 0)
(0.313883 0.27256 0)
(0.182467 0.135644 0)
(0.0125531 0.0389126 0)
(0.0433939 -0.0413398 0)
(0.0842778 -0.0900003 0)
(0.128728 -0.114804 0)
(0.173928 -0.125682 0)
(0.218674 -0.128916 0)
(0.262418 -0.128024 0)
(0.304834 -0.12474 0)
(0.345578 -0.119768 0)
(0.384228 -0.113256 0)
(0.420269 -0.105032 0)
(0.453083 -0.0946722 0)
(0.481912 -0.0814955 0)
(0.505824 -0.0645008 0)
(0.523716 -0.0423244 0)
(0.534385 -0.0132305 0)
(0.536875 0.0250512 0)
(0.530584 0.0752531 0)
(0.515675 0.140012 0)
(0.490661 0.218311 0)
(0.4509 0.301405 0)
(0.373785 0.332731 0)
(0.226144 0.264534 0)
(0.015096 0.0242409 0)
(0.0534662 -0.0603014 0)
(0.100036 -0.111089 0)
(0.146916 -0.136303 0)
(0.192258 -0.146838 0)
(0.235793 -0.149488 0)
(0.27768 -0.14794 0)
(0.31801 -0.143911 0)
(0.356645 -0.13805 0)
(0.393265 -0.130448 0)
(0.427414 -0.12088 0)
(0.458539 -0.108869 0)
(0.48597 -0.0936679 0)
(0.508915 -0.0742062 0)
(0.526467 -0.0490792 0)
(0.537731 -0.0166043 0)
(0.542186 0.0252942 0)
(0.539879 0.0791236 0)
(0.531663 0.147488 0)
(0.517531 0.230797 0)
(0.491372 0.324274 0)
(0.442384 0.39215 0)
(0.278228 0.40589 0)
(0.0167024 0.00737865 0)
(0.0616792 -0.082283 0)
(0.113949 -0.133972 0)
(0.163354 -0.158395 0)
(0.208742 -0.167724 0)
(0.250962 -0.16931 0)
(0.29097 -0.166899 0)
(0.32927 -0.162074 0)
(0.365904 -0.155342 0)
(0.400627 -0.146708 0)
(0.433039 -0.135886 0)
(0.462647 -0.12235 0)
(0.48888 -0.105307 0)
(0.511083 -0.0836417 0)
(0.528534 -0.0559427 0)
(0.54061 -0.0206436 0)
(0.547205 0.0240518 0)
(0.549011 0.0803203 0)
(0.547762 0.150549 0)
(0.545265 0.236201 0)
(0.537121 0.336438 0)
(0.520765 0.441781 0)
(0.352533 0.639022 0)
(0.0472916 -0.0033598 0)
(-0.0883078 0.0371611 0)
(-0.239636 0.0261501 0)
(-0.289596 0.00820254 0)
(-0.278297 -0.00908766 0)
(-0.216021 -0.0188796 0)
(-0.128852 -0.0237071 0)
(-0.0294801 -0.0249864 0)
(0.0696245 -0.0236547 0)
(0.159493 -0.0201325 0)
(0.232497 -0.0149453 0)
(0.282569 -0.00869942 0)
(0.306138 -0.00166344 0)
(0.299804 0.0050731 0)
(0.267319 0.0103543 0)
(0.215401 0.0137319 0)
(0.151035 0.0154015 0)
(0.0813819 0.0147049 0)
(0.0222429 0.0108505 0)
(-0.0068253 0.0200225 0)
(-0.151091 0.0946176 0)
(-0.275302 0.0563666 0)
(-0.293783 0.0137182 0)
(-0.273768 -0.0247227 0)
(-0.210695 -0.0491382 0)
(-0.12325 -0.0617663 0)
(-0.0244316 -0.0652557 0)
(0.0737708 -0.062136 0)
(0.162963 -0.0534638 0)
(0.236161 -0.0403374 0)
(0.287596 -0.024041 0)
(0.313246 -0.00594225 0)
(0.31308 0.0117386 0)
(0.28705 0.0267762 0)
(0.237889 0.037707 0)
(0.171863 0.043867 0)
(0.0976544 0.0433863 0)
(0.0295202 0.0338077 0)
(-0.0358925 0.0617066 0)
(-0.17092 0.150419 0)
(-0.273245 0.079465 0)
(-0.283886 0.0137687 0)
(-0.263701 -0.0425478 0)
(-0.200865 -0.0807622 0)
(-0.113835 -0.100743 0)
(-0.015844 -0.106072 0)
(0.0812362 -0.100963 0)
(0.169413 -0.0872572 0)
(0.242058 -0.0665133 0)
(0.29365 -0.0405516 0)
(0.320221 -0.0117434 0)
(0.320216 0.0169428 0)
(0.294057 0.0423956 0)
(0.244951 0.0618906 0)
(0.179061 0.0734402 0)
(0.105263 0.0743743 0)
(0.0342906 0.0622781 0)
(-0.0424573 0.0943777 0)
(-0.173554 0.202738 0)
(-0.266085 0.0989128 0)
(-0.268504 0.0127204 0)
(-0.247947 -0.059914 0)
(-0.186345 -0.112409 0)
(-0.100278 -0.139914 0)
(-0.00339047 -0.146958 0)
(0.0926495 -0.139726 0)
(0.180207 -0.120879 0)
(0.25259 -0.0925381 0)
(0.304287 -0.0570513 0)
(0.331352 -0.0174599 0)
(0.331759 0.0224274 0)
(0.305597 0.0583612 0)
(0.255894 0.0863419 0)
(0.188744 0.103272 0)
(0.113258 0.106148 0)
(0.0385124 0.0930465 0)
(-0.0233274 0.171719 0)
(-0.156272 0.255124 0)
(-0.246691 0.114896 0)
(-0.236733 0.00946082 0)
(-0.216455 -0.0766916 0)
(-0.159096 -0.143626 0)
(-0.0771582 -0.178976 0)
(0.0160458 -0.187837 0)
(0.109622 -0.178746 0)
(0.196197 -0.154852 0)
(0.268359 -0.118891 0)
(0.320136 -0.0738154 0)
(0.347384 -0.0233427 0)
(0.347837 0.0279058 0)
(0.321273 0.0746371 0)
(0.270284 0.111502 0)
(0.200679 0.134196 0)
(0.121764 0.139505 0)
(0.0422804 0.126115 0)
(0.000529875 0.117966 0)
(-0.127093 0.3033 0)
(-0.198123 0.123912 0)
(-0.167362 0.00225317 0)
(-0.149839 -0.0913405 0)
(-0.103658 -0.172857 0)
(-0.0338145 -0.215493 0)
(0.0487112 -0.226083 0)
(0.135318 -0.216352 0)
(0.218794 -0.18831 0)
(0.289975 -0.145164 0)
(0.341538 -0.0905993 0)
(0.368605 -0.0291907 0)
(0.368579 0.0335664 0)
(0.340983 0.0914009 0)
(0.287922 0.137643 0)
(0.214774 0.166658 0)
(0.131015 0.174911 0)
(0.0458827 0.161749 0)
(0.106562 0.29913 0)
(-0.0390947 0.33205 0)
(-0.0861094 0.120457 0)
(-0.0243292 -0.00943187 0)
(-0.0183361 -0.105356 0)
(0.00324264 -0.201045 0)
(0.047254 -0.247623 0)
(0.10563 -0.258772 0)
(0.175568 -0.25046 0)
(0.250682 -0.220125 0)
(0.318554 -0.170882 0)
(0.369012 -0.107178 0)
(0.395333 -0.0347767 0)
(0.394171 0.0396907 0)
(0.364789 0.108978 0)
(0.308846 0.165151 0)
(0.231203 0.201137 0)
(0.141397 0.212831 0)
(0.0496326 0.200166 0)
(0.258908 0.0813111 0)
(0.0852443 0.508589 0)
(0.15521 0.113341 0)
(0.23425 -0.0204725 0)
(0.216684 -0.117265 0)
(0.189859 -0.214653 0)
(0.188622 -0.264573 0)
(0.202845 -0.283925 0)
(0.240179 -0.280938 0)
(0.297147 -0.250009 0)
(0.356426 -0.195665 0)
(0.403577 -0.123263 0)
(0.428115 -0.0397696 0)
(0.424919 0.0466851 0)
(0.392822 0.127817 0)
(0.333114 0.194531 0)
(0.250146 0.238262 0)
(0.153331 0.253944 0)
(0.0538203 0.241568 0)
(0.0193147 -0.0230616 0)
(0.0738346 -0.121921 0)
(0.134994 -0.172862 0)
(0.187471 -0.193731 0)
(0.231895 -0.199627 0)
(0.271445 -0.198833 0)
(0.308326 -0.19486 0)
(0.343521 -0.18879 0)
(0.377212 -0.180784 0)
(0.409208 -0.170665 0)
(0.439162 -0.15805 0)
(0.46667 -0.14236 0)
(0.491314 -0.122758 0)
(0.51266 -0.0980897 0)
(0.530248 -0.0669718 0)
(0.543814 -0.0281078 0)
(0.553831 0.0196874 0)
(0.561925 0.0778044 0)
(0.571405 0.147675 0)
(0.587659 0.230682 0)
(0.61757 0.327882 0)
(0.676404 0.445375 0)
(0.794734 0.694131 0)
(0.0227349 -0.0731598 0)
(0.0965534 -0.187693 0)
(0.168667 -0.231399 0)
(0.219812 -0.241659 0)
(0.258254 -0.239987 0)
(0.291686 -0.235239 0)
(0.323413 -0.22931 0)
(0.354318 -0.221871 0)
(0.384301 -0.21243 0)
(0.413011 -0.200585 0)
(0.440073 -0.185886 0)
(0.465163 -0.167767 0)
(0.48806 -0.145439 0)
(0.508615 -0.11775 0)
(0.526615 -0.0833681 0)
(0.542017 -0.0414843 0)
(0.55572 0.00800373 0)
(0.569812 0.0647092 0)
(0.588129 0.128254 0)
(0.6166 0.197663 0)
(0.661891 0.270557 0)
(0.726233 0.34281 0)
(0.853593 0.424042 0)
(0.0267908 -0.14275 0)
(0.143572 -0.276698 0)
(0.214183 -0.294441 0)
(0.249092 -0.28484 0)
(0.275565 -0.274681 0)
(0.301788 -0.267439 0)
(0.328817 -0.260778 0)
(0.35615 -0.252642 0)
(0.383028 -0.242127 0)
(0.408883 -0.228821 0)
(0.433313 -0.212331 0)
(0.456067 -0.192223 0)
(0.477129 -0.167885 0)
(0.496668 -0.138238 0)
(0.514741 -0.101852 0)
(0.531454 -0.0583505 0)
(0.54758 -0.00866396 0)
(0.565178 0.0451204 0)
(0.587613 0.101144 0)
(0.619548 0.157222 0)
(0.665129 0.210546 0)
(0.724502 0.255489 0)
(0.816139 0.287771 0)
(0.0731733 -0.236762 0)
(0.224641 -0.386875 0)
(0.25966 -0.347339 0)
(0.261029 -0.312771 0)
(0.277714 -0.297272 0)
(0.301055 -0.29036 0)
(0.32601 -0.284485 0)
(0.351017 -0.276398 0)
(0.375317 -0.265343 0)
(0.398458 -0.251124 0)
(0.420143 -0.233478 0)
(0.440223 -0.212148 0)
(0.458821 -0.186764 0)
(0.476366 -0.156387 0)
(0.493395 -0.119469 0)
(0.510622 -0.0759941 0)
(0.528927 -0.0277193 0)
(0.549766 0.0222537 0)
(0.575845 0.0705639 0)
(0.610393 0.114797 0)
(0.654816 0.155072 0)
(0.70837 0.188792 0)
(0.774992 0.208947 0)
(0.228408 -0.428457 0)
(0.29903 -0.482563 0)
(0.263458 -0.326941 0)
(0.24125 -0.301882 0)
(0.268066 -0.292743 0)
(0.294549 -0.28838 0)
(0.317771 -0.291029 0)
(0.340512 -0.284378 0)
(0.361959 -0.273778 0)
(0.381922 -0.259487 0)
(0.400188 -0.241392 0)
(0.416649 -0.219503 0)
(0.431479 -0.193915 0)
(0.445283 -0.16402 0)
(0.459261 -0.127858 0)
(0.475913 -0.0860947 0)
(0.498515 -0.0410203 0)
(0.528962 0.00440011 0)
(0.565486 0.0456735 0)
(0.604812 0.08113 0)
(0.647076 0.112504 0)
(0.694866 0.137159 0)
(0.749688 0.148482 0)
(0.288683 -0.721924 0)
(0.118429 -0.426006 0)
(0.156937 -0.215659 0)
(0.214787 -0.319966 0)
(0.250327 -0.376217 0)
(0.288917 -0.371106 0)
(0.319758 -0.341165 0)
(0.339853 -0.318438 0)
(0.357117 -0.299585 0)
(0.372611 -0.279983 0)
(0.386538 -0.2579 0)
(0.398862 -0.232589 0)
(0.409348 -0.203919 0)
(0.417561 -0.172154 0)
(0.425752 -0.135646 0)
(0.438073 -0.095428 0)
(0.458376 -0.0538347 0)
(0.491028 -0.0141027 0)
(0.539699 0.0240325 0)
(0.590364 0.0561124 0)
(0.641121 0.0833109 0)
(0.69729 0.102522 0)
(0.755022 0.109002 0)
(-0.13682 -0.895677 0)
(-0.0475377 -0.453378 0)
(0.0509815 -0.369363 0)
(0.155259 -0.387914 0)
(0.214265 -0.398708 0)
(0.263316 -0.393212 0)
(0.310294 -0.383114 0)
(0.354696 -0.370502 0)
(0.394831 -0.355106 0)
(0.430612 -0.335577 0)
(0.462816 -0.311208 0)
(0.492067 -0.282139 0)
(0.518633 -0.249535 0)
(0.542293 -0.216351 0)
(0.562928 -0.185613 0)
(0.580812 -0.162141 0)
(0.597475 -0.148393 0)
(0.6213 -0.140008 0)
(0.633859 -0.100587 0)
(0.608424 -0.0178465 0)
(0.633955 0.0374041 0)
(0.694527 0.0715411 0)
(0.769012 0.0765336 0)
(-0.0823405 -0.571829 0)
(-0.0503473 -0.557604 0)
(0.050737 -0.482482 0)
(0.138317 -0.464786 0)
(0.202834 -0.452078 0)
(0.257242 -0.434319 0)
(0.308234 -0.413192 0)
(0.357059 -0.391413 0)
(0.403208 -0.369218 0)
(0.446702 -0.345544 0)
(0.488149 -0.31937 0)
(0.528333 -0.290014 0)
(0.568011 -0.257256 0)
(0.607703 -0.221479 0)
(0.647624 -0.183139 0)
(0.687041 -0.142711 0)
(0.723153 -0.0996071 0)
(0.752317 -0.0526595 0)
(0.771558 -0.00974914 0)
(0.78811 -0.00885255 0)
(0.822022 -0.0729851 0)
(0.878567 -0.130273 0)
(0.900901 -0.0936728 0)
(-0.00541158 -0.650841 0)
(0.0127389 -0.61264 0)
(0.0709576 -0.560302 0)
(0.133685 -0.532365 0)
(0.190351 -0.511186 0)
(0.242457 -0.489672 0)
(0.292538 -0.466924 0)
(0.341498 -0.443557 0)
(0.389329 -0.419518 0)
(0.436126 -0.394193 0)
(0.482308 -0.366914 0)
(0.528499 -0.337206 0)
(0.575359 -0.30496 0)
(0.623356 -0.270536 0)
(0.672573 -0.234613 0)
(0.722485 -0.198006 0)
(0.772255 -0.160721 0)
(0.822693 -0.121114 0)
(0.877659 -0.0790934 0)
(0.938466 -0.0463936 0)
(0.992896 -0.0341718 0)
(1.02897 -0.0269714 0)
(1.05232 -0.0225458 0)
(0.00146153 -0.63451 0)
(0.0280132 -0.648643 0)
(0.0753202 -0.613665 0)
(0.124146 -0.586061 0)
(0.172496 -0.562588 0)
(0.219845 -0.539759 0)
(0.266845 -0.516543 0)
(0.313884 -0.492843 0)
(0.36102 -0.468465 0)
(0.408349 -0.442998 0)
(0.456163 -0.415991 0)
(0.504928 -0.387105 0)
(0.555178 -0.356227 0)
(0.607369 -0.323522 0)
(0.661761 -0.289322 0)
(0.718374 -0.253975 0)
(0.777304 -0.217556 0)
(0.83949 -0.180288 0)
(0.906559 -0.145135 0)
(0.976837 -0.120747 0)
(1.04206 -0.112929 0)
(1.09781 -0.10829 0)
(1.1503 -0.0970655 0)
(0.00927077 -0.655525 0)
(0.0347021 -0.683996 0)
(0.0707971 -0.655819 0)
(0.109871 -0.630292 0)
(0.150835 -0.607205 0)
(0.192806 -0.584743 0)
(0.2357 -0.562107 0)
(0.279569 -0.539034 0)
(0.324423 -0.515315 0)
(0.370333 -0.490672 0)
(0.417512 -0.464818 0)
(0.466321 -0.437533 0)
(0.517209 -0.408733 0)
(0.570628 -0.378492 0)
(0.626968 -0.347001 0)
(0.686532 -0.314511 0)
(0.749668 -0.281325 0)
(0.816947 -0.248191 0)
(0.888768 -0.217341 0)
(0.963479 -0.192826 0)
(1.03628 -0.176344 0)
(1.10359 -0.163615 0)
(1.16666 -0.153201 0)
(0.0123147 -0.678811 0)
(0.0332192 -0.712362 0)
(0.0607444 -0.689239 0)
(0.0926213 -0.666936 0)
(0.127304 -0.645786 0)
(0.163993 -0.624845 0)
(0.202386 -0.603627 0)
(0.242385 -0.58192 0)
(0.28396 -0.559576 0)
(0.327163 -0.53643 0)
(0.372161 -0.512331 0)
(0.419252 -0.487174 0)
(0.468825 -0.460936 0)
(0.521316 -0.433693 0)
(0.577164 -0.405598 0)
(0.636774 -0.376882 0)
(0.700547 -0.347885 0)
(0.768857 -0.319256 0)
(0.841711 -0.292299 0)
(0.917884 -0.268816 0)
(0.994494 -0.249381 0)
(1.06866 -0.232183 0)
(1.13894 -0.217451 0)
(0.0110627 -0.699617 0)
(0.0276463 -0.73367 0)
(0.0486473 -0.715909 0)
(0.0747561 -0.697396 0)
(0.103965 -0.678897 0)
(0.135643 -0.660101 0)
(0.169461 -0.64082 0)
(0.205274 -0.620958 0)
(0.243034 -0.60045 0)
(0.282785 -0.579239 0)
(0.324671 -0.557289 0)
(0.36895 -0.534602 0)
(0.41597 -0.511234 0)
(0.466146 -0.487298 0)
(0.519924 -0.462954 0)
(0.577747 -0.438418 0)
(0.640046 -0.413981 0)
(0.70718 -0.390091 0)
(0.779227 -0.367431 0)
(0.855617 -0.346667 0)
(0.934977 -0.327561 0)
(1.01563 -0.3084 0)
(1.09563 -0.288182 0)
(0.0083814 -0.716799 0)
(0.0209213 -0.749524 0)
(0.0369203 -0.737195 0)
(0.0581067 -0.722576 0)
(0.0824353 -0.706991 0)
(0.109433 -0.690642 0)
(0.138799 -0.673587 0)
(0.170386 -0.655854 0)
(0.20415 -0.637468 0)
(0.240134 -0.618468 0)
(0.278473 -0.598918 0)
(0.319402 -0.578922 0)
(0.363245 -0.558615 0)
(0.410395 -0.538166 0)
(0.461296 -0.517764 0)
(0.51641 -0.497625 0)
(0.57621 -0.478009 0)
(0.641145 -0.459258 0)
(0.711566 -0.441792 0)
(0.787678 -0.425921 0)
(0.869746 -0.411364 0)
(0.958907 -0.396963 0)
(1.05849 -0.381945 0)
(0.00549791 -0.729266 0)
(0.0145089 -0.761046 0)
(0.0266922 -0.754006 0)
(0.0436484 -0.743143 0)
(0.0636515 -0.73052 0)
(0.0863694 -0.716746 0)
(0.111557 -0.702072 0)
(0.13909 -0.686635 0)
(0.168939 -0.670548 0)
(0.201158 -0.653936 0)
(0.23588 -0.636956 0)
(0.273333 -0.619802 0)
(0.313826 -0.602689 0)
(0.357737 -0.58585 0)
(0.405506 -0.569517 0)
(0.457605 -0.553932 0)
(0.514541 -0.539368 0)
(0.576844 -0.526163 0)
(0.645055 -0.514732 0)
(0.719782 -0.505481 0)
(0.801879 -0.498624 0)
(0.892826 -0.494201 0)
(0.995188 -0.493076 0)
(0.00302745 -0.737344 0)
(0.00916567 -0.769418 0)
(0.0184184 -0.767118 0)
(0.0317571 -0.759713 0)
(0.0479892 -0.749975 0)
(0.0668893 -0.738799 0)
(0.0882771 -0.726574 0)
(0.112066 -0.713527 0)
(0.138252 -0.69985 0)
(0.166904 -0.685748 0)
(0.198167 -0.671462 0)
(0.232266 -0.657265 0)
(0.269502 -0.643453 0)
(0.310246 -0.630322 0)
(0.354928 -0.618157 0)
(0.404021 -0.607243 0)
(0.458042 -0.59789 0)
(0.517554 -0.590483 0)
(0.583171 -0.585515 0)
(0.655617 -0.583556 0)
(0.735813 -0.58516 0)
(0.824967 -0.590777 0)
(0.924664 -0.600897 0)
(0.00127292 -0.741907 0)
(0.00515618 -0.775435 0)
(0.0121175 -0.777166 0)
(0.022421 -0.772872 0)
(0.0354352 -0.765878 0)
(0.0510092 -0.757254 0)
(0.0690296 -0.747484 0)
(0.0894542 -0.736868 0)
(0.112309 -0.725668 0)
(0.137687 -0.714158 0)
(0.165744 -0.702655 0)
(0.19671 -0.691505 0)
(0.23088 -0.681075 0)
(0.268614 -0.671723 0)
(0.310326 -0.663791 0)
(0.356472 -0.657607 0)
(0.407552 -0.653526 0)
(0.464111 -0.651991 0)
(0.526746 -0.653573 0)
(0.596149 -0.658972 0)
(0.673137 -0.668904 0)
(0.758638 -0.683859 0)
(0.853686 -0.703687 0)
(0.000273715 -0.744015 0)
(0.00245238 -0.779667 0)
(0.007595 -0.784709 0)
(0.0154181 -0.783182 0)
(0.0257428 -0.778752 0)
(0.038474 -0.772583 0)
(0.0535624 -0.765224 0)
(0.0710116 -0.757034 0)
(0.090881 -0.748334 0)
(0.113285 -0.73946 0)
(0.138395 -0.730791 0)
(0.166439 -0.722738 0)
(0.197706 -0.71573 0)
(0.232534 -0.710182 0)
(0.271311 -0.706481 0)
(0.314456 -0.704997 0)
(0.362423 -0.706122 0)
(0.415698 -0.710342 0)
(0.474807 -0.718294 0)
(0.540346 -0.730764 0)
(0.613004 -0.748558 0)
(0.693537 -0.772125 0)
(0.782765 -0.800842 0)
(-0.000111505 -0.744714 0)
(0.000866811 -0.782534 0)
(0.0045761 -0.790243 0)
(0.0104267 -0.791162 0)
(0.018541 -0.789086 0)
(0.0288727 -0.785234 0)
(0.0414316 -0.780198 0)
(0.0562641 -0.774385 0)
(0.0734599 -0.768163 0)
(0.0931525 -0.76192 0)
(0.115519 -0.756084 0)
(0.140786 -0.751121 0)
(0.169221 -0.747509 0)
(0.201135 -0.745708 0)
(0.236872 -0.746142 0)
(0.276797 -0.749207 0)
(0.321293 -0.755319 0)
(0.370762 -0.764992 0)
(0.425628 -0.778907 0)
(0.486369 -0.797922 0)
(0.55355 -0.822921 0)
(0.627825 -0.854365 0)
(0.709943 -0.891385 0)
(-8.55064e-05 -0.744787 0)
(0.000150886 -0.784363 0)
(0.002781 -0.794228 0)
(0.00708797 -0.797272 0)
(0.0134061 -0.797316 0)
(0.0217235 -0.795606 0)
(0.0321026 -0.792765 0)
(0.0446259 -0.789234 0)
(0.0594064 -0.785416 0)
(0.0765887 -0.781738 0)
(0.0963489 -0.778669 0)
(0.118898 -0.776712 0)
(0.144478 -0.776384 0)
(0.173357 -0.778175 0)
(0.205825 -0.782532 0)
(0.242178 -0.789862 0)
(0.282715 -0.80059 0)
(0.327737 -0.815239 0)
(0.377552 -0.834522 0)
(0.432514 -0.85936 0)
(0.493061 -0.890738 0)
(0.55976 -0.929205 0)
(0.633298 -0.973853 0)
(0.000183098 -0.744774 0)
(5.84368e-05 -0.785489 0)
(0.00192561 -0.797064 0)
(0.00504335 -0.8019 0)
(0.00990776 -0.803808 0)
(0.0165324 -0.804038 0)
(0.025023 -0.803226 0)
(0.0354892 -0.801834 0)
(0.0480573 -0.800292 0)
(0.0628733 -0.799051 0)
(0.0801019 -0.798607 0)
(0.0999291 -0.799489 0)
(0.122559 -0.802235 0)
(0.148211 -0.807356 0)
(0.177111 -0.815306 0)
(0.209478 -0.826491 0)
(0.245521 -0.841325 0)
(0.285437 -0.860329 0)
(0.329414 -0.884231 0)
(0.37767 -0.914013 0)
(0.430506 -0.950772 0)
(0.488376 -0.995223 0)
(0.55186 -1.04659 0)
(0.000574507 -0.745005 0)
(0.000378204 -0.786223 0)
(0.00173311 -0.799068 0)
(0.00395366 -0.805362 0)
(0.00763879 -0.808864 0)
(0.0128324 -0.810806 0)
(0.0196719 -0.811824 0)
(0.0282828 -0.812389 0)
(0.0387955 -0.81294 0)
(0.0513466 -0.813944 0)
(0.0660791 -0.815908 0)
(0.0831448 -0.819375 0)
(0.102702 -0.824896 0)
(0.124913 -0.832985 0)
(0.149935 -0.844093 0)
(0.177912 -0.858612 0)
(0.208963 -0.876934 0)
(0.243181 -0.899561 0)
(0.280633 -0.92722 0)
(0.321397 -0.960934 0)
(0.365611 -1.00192 0)
(0.413575 -1.05111 0)
(0.465703 -1.10803 0)
(0.000997782 -0.745656 0)
(0.000930016 -0.786815 0)
(0.00196033 -0.800483 0)
(0.0035152 -0.807904 0)
(0.00623795 -0.812725 0)
(0.0102106 -0.816135 0)
(0.0155906 -0.818757 0)
(0.0225094 -0.821056 0)
(0.0310915 -0.823472 0)
(0.0414553 -0.82647 0)
(0.0537131 -0.830559 0)
(0.0679745 -0.836284 0)
(0.0843456 -0.844196 0)
(0.102927 -0.854805 0)
(0.123808 -0.868551 0)
(0.147058 -0.885802 0)
(0.172711 -0.906915 0)
(0.200762 -0.932355 0)
(0.23116 -0.962825 0)
(0.263834 -0.999368 0)
(0.298744 -1.0433 0)
(0.335984 -1.0958 0)
(0.375745 -1.15681 0)
(0.00138634 -0.746802 0)
(0.00157136 -0.787426 0)
(0.00240939 -0.80149 0)
(0.00347096 -0.809719 0)
(0.00540114 -0.815581 0)
(0.0083216 -0.820204 0)
(0.0123986 -0.824184 0)
(0.0177616 -0.827967 0)
(0.0245209 -0.831979 0)
(0.0327693 -0.836674 0)
(0.0425817 -0.842552 0)
(0.0540199 -0.850147 0)
(0.0671333 -0.860002 0)
(0.0819586 -0.872619 0)
(0.0985182 -0.888418 0)
(0.116808 -0.907738 0)
(0.136787 -0.930891 0)
(0.158359 -0.958287 0)
(0.18136 -0.990577 0)
(0.205569 -1.02878 0)
(0.230753 -1.07429 0)
(0.25676 -1.1285 0)
(0.283506 -1.1919 0)
(0.00170251 -0.74844 0)
(0.00220053 -0.788138 0)
(0.0029252 -0.802217 0)
(0.00361792 -0.810953 0)
(0.00488798 -0.817585 0)
(0.00689236 -0.823162 0)
(0.00979878 -0.828241 0)
(0.013727 -0.833236 0)
(0.0187662 -0.83855 0)
(0.0249791 -0.844613 0)
(0.0323993 -0.851904 0)
(0.0410375 -0.860941 0)
(0.0508842 -0.872249 0)
(0.0619112 -0.886315 0)
(0.0740732 -0.903541 0)
(0.087299 -0.924231 0)
(0.101477 -0.948645 0)
(0.11643 -0.977119 0)
(0.13189 -1.01022 0)
(0.147493 -1.04891 0)
(0.162807 -1.09457 0)
(0.177406 -1.14881 0)
(0.19089 -1.21265 0)
(0.0019329 -0.750509 0)
(0.00275087 -0.788979 0)
(0.00339741 -0.80275 0)
(0.00380619 -0.811715 0)
(0.00451954 -0.818857 0)
(0.00572301 -0.825134 0)
(0.00757656 -0.831047 0)
(0.0101841 -0.836974 0)
(0.0136105 -0.84328 0)
(0.0178856 -0.850365 0)
(0.0230001 -0.858676 0)
(0.0289134 -0.868704 0)
(0.0355568 -0.880952 0)
(0.0428379 -0.895888 0)
(0.0506437 -0.913892 0)
(0.058838 -0.935237 0)
(0.0672452 -0.960128 0)
(0.0756183 -0.988808 0)
(0.0835976 -1.02173 0)
(0.0906894 -1.05974 0)
(0.0962708 -1.10415 0)
(0.0996297 -1.15668 0)
(0.10003 -1.21882 0)
(0.00207866 -0.752921 0)
(0.0031829 -0.789931 0)
(0.00375643 -0.803139 0)
(0.00393837 -0.812086 0)
(0.00417709 -0.819498 0)
(0.00468106 -0.826228 0)
(0.00559151 -0.832716 0)
(0.00699314 -0.839293 0)
(0.00892507 -0.84628 0)
(0.0113825 -0.854036 0)
(0.0143152 -0.86297 0)
(0.0176337 -0.873539 0)
(0.0212124 -0.886213 0)
(0.0248959 -0.901439 0)
(0.0285054 -0.919577 0)
(0.0318377 -0.940866 0)
(0.0346617 -0.965461 0)
(0.0366722 -0.993499 0)
(0.0374304 -1.02529 0)
(0.0363374 -1.06152 0)
(0.0326027 -1.10336 0)
(0.0252409 -1.15248 0)
(0.013172 -1.2107 0)
(0.0021439 -0.755577 0)
(0.00348217 -0.790957 0)
(0.00396675 -0.803407 0)
(0.00396123 -0.812128 0)
(0.00379616 -0.819591 0)
(0.00369205 -0.826545 0)
(0.00376671 -0.833362 0)
(0.0040838 -0.840316 0)
(0.00465346 -0.847679 0)
(0.00543815 -0.855767 0)
(0.00635067 -0.86494 0)
(0.00725693 -0.875613 0)
(0.00797969 -0.888221 0)
(0.00830474 -0.903179 0)
(0.00799027 -0.920828 0)
(0.00676263 -0.94138 0)
(0.00434098 -0.964926 0)
(0.000375966 -0.991516 0)
(-0.0056368 -1.02131 0)
(-0.0143736 -1.05476 0)
(-0.0267467 -1.09281 0)
(-0.0439475 -1.13698 0)
(-0.0674367 -1.1892 0)
(0.00213557 -0.758377 0)
(0.00365411 -0.792006 0)
(0.00402805 -0.803566 0)
(0.003861 -0.811886 0)
(0.00335167 -0.819216 0)
(0.00272906 -0.826187 0)
(0.00207901 -0.833102 0)
(0.00144047 -0.840175 0)
(0.000794411 -0.847629 0)
(7.56526e-05 -0.855726 0)
(-0.000835399 -0.86478 0)
(-0.00211238 -0.875153 0)
(-0.00397537 -0.887237 0)
(-0.00669124 -0.901412 0)
(-0.0105616 -0.917993 0)
(-0.0159132 -0.937167 0)
(-0.0230912 -0.958973 0)
(-0.0324985 -0.983378 0)
(-0.044661 -1.01038 0)
(-0.0602953 -1.04018 0)
(-0.0803912 -1.07343 0)
(-0.106279 -1.11135 0)
(-0.139724 -1.15575 0)
(0.00208927 -0.76124 0)
(0.00373116 -0.793032 0)
(0.0039678 -0.803617 0)
(0.00365467 -0.811401 0)
(0.00285297 -0.818447 0)
(0.00180105 -0.825254 0)
(0.000540661 -0.832057 0)
(-0.000915511 -0.839015 0)
(-0.0026132 -0.846297 0)
(-0.00464433 -0.854111 0)
(-0.00715458 -0.862721 0)
(-0.0103449 -0.872434 0)
(-0.0144716 -0.88359 0)
(-0.0198438 -0.896524 0)
(-0.0268146 -0.91152 0)
(-0.0357648 -0.928742 0)
(-0.0470965 -0.948197 0)
(-0.0612543 -0.969766 0)
(-0.07878 -0.993286 0)
(-0.100398 -1.01873 0)
(-0.127113 -1.04639 0)
(-0.160308 -1.0771 0)
(-0.201917 -1.11229 0)
(0.00211482 -0.764125 0)
(0.00377471 -0.793982 0)
(0.00382755 -0.803551 0)
(0.00337683 -0.810699 0)
(0.00232566 -0.817357 0)
(0.000938313 -0.823848 0)
(-0.000813756 -0.830358 0)
(-0.00294171 -0.836993 0)
(-0.00551464 -0.843869 0)
(-0.00864711 -0.851146 0)
(-0.0125043 -0.859032 0)
(-0.017307 -0.867777 0)
(-0.0233356 -0.877662 0)
(-0.03093 -0.888973 0)
(-0.0404836 -0.901951 0)
(-0.0524253 -0.916734 0)
(-0.0672076 -0.933305 0)
(-0.0853122 -0.95148 0)
(-0.10729 -0.970966 0)
(-0.133845 -0.991506 0)
(-0.165943 -1.01305 0)
(-0.204922 -1.03596 0)
(-0.252722 -1.06115 0)
(0.00240168 -0.767085 0)
(0.00385314 -0.794752 0)
(0.0036304 -0.803339 0)
(0.00305533 -0.809795 0)
(0.00179152 -0.816016 0)
(0.000171087 -0.822075 0)
(-0.00194889 -0.828145 0)
(-0.00459168 -0.834279 0)
(-0.00785054 -0.84055 0)
(-0.0118567 -0.847073 0)
(-0.016788 -0.854002 0)
(-0.0228765 -0.861529 0)
(-0.0304157 -0.869874 0)
(-0.0397634 -0.879261 0)
(-0.0513397 -0.889882 0)
(-0.0656105 -0.901842 0)
(-0.0830708 -0.915102 0)
(-0.104236 -0.929436 0)
(-0.129662 -0.944457 0)
(-0.160016 -0.959713 0)
(-0.196181 -0.974842 0)
(-0.239368 -0.989739 0)
(-0.291365 -1.00473 0)
(0.00313923 -0.770354 0)
(0.00397817 -0.795111 0)
(0.00332584 -0.802951 0)
(0.00268537 -0.808702 0)
(0.00124623 -0.814503 0)
(-0.00048238 -0.820055 0)
(-0.00284036 -0.825564 0)
(-0.00583121 -0.831052 0)
(-0.00957481 -0.836557 0)
(-0.0142126 -0.842152 0)
(-0.0199278 -0.847942 0)
(-0.026956 -0.854063 0)
(-0.0355934 -0.860669 0)
(-0.0462036 -0.867919 0)
(-0.0592186 -0.875945 0)
(-0.0751265 -0.884811 0)
(-0.0944537 -0.894451 0)
(-0.117745 -0.904619 0)
(-0.14556 -0.914869 0)
(-0.178524 -0.924612 0)
(-0.217411 -0.933228 0)
(-0.263254 -0.940216 0)
(-0.317573 -0.945348 0)
(0.0043433 -0.774329 0)
(0.00403461 -0.794649 0)
(0.00275676 -0.802385 0)
(0.00223408 -0.807466 0)
(0.000645449 -0.812922 0)
(-0.0010299 -0.817914 0)
(-0.00348029 -0.822772 0)
(-0.00664684 -0.827501 0)
(-0.0106651 -0.832118 0)
(-0.0156809 -0.836658 0)
(-0.0218764 -0.841182 0)
(-0.0294833 -0.84577 0)
(-0.0387923 -0.850512 0)
(-0.0501619 -0.855496 0)
(-0.0640223 -0.86079 0)
(-0.080868 -0.866404 0)
(-0.101242 -0.872243 0)
(-0.12571 -0.878048 0)
(-0.154838 -0.88335 0)
(-0.189213 -0.887481 0)
(-0.229498 -0.889648 0)
(-0.276524 -0.889047 0)
(-0.33149 -0.885003 0)
(0.00562529 -0.779256 0)
(0.00380386 -0.792896 0)
(0.00167436 -0.801662 0)
(0.0016547 -0.806224 0)
(-6.92533e-05 -0.811401 0)
(-0.00148813 -0.815792 0)
(-0.00388816 -0.819933 0)
(-0.00705122 -0.823825 0)
(-0.0111281 -0.827471 0)
(-0.0162612 -0.830878 0)
(-0.0226248 -0.834062 0)
(-0.0304401 -0.837052 0)
(-0.0399858 -0.839874 0)
(-0.0516066 -0.842547 0)
(-0.06572 -0.845067 0)
(-0.0828118 -0.847384 0)
(-0.103426 -0.849366 0)
(-0.128139 -0.850739 0)
(-0.157523 -0.851038 0)
(-0.192138 -0.849574 0)
(-0.232551 -0.845467 0)
(-0.279405 -0.837725 0)
(-0.333576 -0.825364 0)
(0.0059413 -0.784605 0)
(0.00310644 -0.789688 0)
(-0.000197636 -0.800855 0)
(0.000912154 -0.805272 0)
(-0.000928478 -0.81008 0)
(-0.00188882 -0.813845 0)
(-0.00409302 -0.817218 0)
(-0.00707612 -0.820225 0)
(-0.0109979 -0.822859 0)
(-0.0159883 -0.825101 0)
(-0.0222071 -0.826928 0)
(-0.0298592 -0.828316 0)
(-0.0392057 -0.829231 0)
(-0.0505714 -0.829623 0)
(-0.0643519 -0.829416 0)
(-0.081013 -0.828495 0)
(-0.101086 -0.826677 0)
(-0.125145 -0.823673 0)
(-0.153767 -0.819029 0)
(-0.187504 -0.812082 0)
(-0.226861 -0.801946 0)
(-0.272324 -0.787555 0)
(-0.324491 -0.767759 0)
(0.0033312 -0.788755 0)
(0.00183999 -0.785528 0)
(-0.00301896 -0.800351 0)
(-3.05464e-05 -0.804844 0)
(-0.00185604 -0.809169 0)
(-0.0022596 -0.812231 0)
(-0.0041221 -0.814791 0)
(-0.00676164 -0.816892 0)
(-0.010328 -0.818515 0)
(-0.0149285 -0.819612 0)
(-0.0207013 -0.820121 0)
(-0.0278296 -0.819966 0)
(-0.0365513 -0.819054 0)
(-0.0471654 -0.81727 0)
(-0.0600392 -0.814466 0)
(-0.0756095 -0.810457 0)
(-0.0943831 -0.805005 0)
(-0.116922 -0.797788 0)
(-0.143807 -0.788366 0)
(-0.175599 -0.776121 0)
(-0.212786 -0.760227 0)
(-0.255768 -0.739652 0)
(-0.304936 -0.713218 0)
(-0.0050033 -0.78991 0)
(-0.000239149 -0.78131 0)
(-0.00652894 -0.800875 0)
(-0.0011237 -0.805089 0)
(-0.00281406 -0.808815 0)
(-0.0025508 -0.811071 0)
(-0.00397904 -0.812788 0)
(-0.00614392 -0.813996 0)
(-0.00918311 -0.814653 0)
(-0.0131744 -0.814678 0)
(-0.018228 -0.813964 0)
(-0.0244996 -0.812388 0)
(-0.0321978 -0.809799 0)
(-0.0415889 -0.806017 0)
(-0.0530041 -0.800827 0)
(-0.0668427 -0.793973 0)
(-0.0835772 -0.785151 0)
(-0.103747 -0.773995 0)
(-0.127933 -0.760054 0)
(-0.156724 -0.742756 0)
(-0.190647 -0.721367 0)
(-0.230107 -0.694975 0)
(-0.275416 -0.662505 0)
(-0.0217886 -0.787459 0)
(-0.00285681 -0.778158 0)
(-0.0106128 -0.8027 0)
(-0.00207859 -0.806209 0)
(-0.00371805 -0.80903 0)
(-0.00271364 -0.810431 0)
(-0.00365076 -0.811305 0)
(-0.00525016 -0.811672 0)
(-0.00763172 -0.811453 0)
(-0.0108378 -0.810526 0)
(-0.0149453 -0.808743 0)
(-0.020076 -0.80593 0)
(-0.0264012 -0.801882 0)
(-0.0341451 -0.796361 0)
(-0.0435921 -0.789085 0)
(-0.0550917 -0.779727 0)
(-0.0690674 -0.767909 0)
(-0.0860207 -0.753201 0)
(-0.106522 -0.735113 0)
(-0.131191 -0.713084 0)
(-0.160641 -0.686458 0)
(-0.195401 -0.654475 0)
(-0.235889 -0.616259 0)
(-0.0501177 -0.777155 0)
(-0.00351399 -0.781456 0)
(-0.0156062 -0.805813 0)
(-0.00282062 -0.808679 0)
(-0.00440613 -0.809917 0)
(-0.00269166 -0.810386 0)
(-0.00309927 -0.810419 0)
(-0.00409157 -0.810017 0)
(-0.00573957 -0.809046 0)
(-0.00804333 -0.807334 0)
(-0.0110419 -0.804686 0)
(-0.0148169 -0.800881 0)
(-0.0194939 -0.795665 0)
(-0.0252437 -0.788746 0)
(-0.0322885 -0.779781 0)
(-0.0409086 -0.768374 0)
(-0.0514547 -0.754069 0)
(-0.0643603 -0.736351 0)
(-0.0801503 -0.714655 0)
(-0.099447 -0.688366 0)
(-0.122949 -0.656842 0)
(-0.151372 -0.61943 0)
(-0.185429 -0.575472 0)
(-0.0962274 -0.737915 0)
(0.000192664 -0.80841 0)
(-0.0201743 -0.811483 0)
(-0.00332977 -0.813335 0)
(-0.00433784 -0.811699 0)
(-0.00228512 -0.810975 0)
(-0.00221972 -0.810136 0)
(-0.00265371 -0.809058 0)
(-0.00356938 -0.807499 0)
(-0.00492684 -0.805214 0)
(-0.00672975 -0.801954 0)
(-0.00901904 -0.797456 0)
(-0.0118688 -0.791427 0)
(-0.0153856 -0.783531 0)
(-0.0197123 -0.773374 0)
(-0.0250347 -0.760501 0)
(-0.0315947 -0.744378 0)
(-0.0397065 -0.724398 0)
(-0.0497789 -0.69988 0)
(-0.0623456 -0.670082 0)
(-0.0780896 -0.634238 0)
(-0.0978382 -0.591637 0)
(-0.122591 -0.541744 0)
(-0.137762 -0.658532 0)
(0.00221542 -0.863191 0)
(-0.0150236 -0.81918 0)
(-0.00226667 -0.819295 0)
(-0.00228936 -0.813803 0)
(-0.00105487 -0.811834 0)
(-0.000868486 -0.810238 0)
(-0.000935627 -0.808694 0)
(-0.00120705 -0.806786 0)
(-0.0016436 -0.804188 0)
(-0.00223638 -0.800609 0)
(-0.00299497 -0.795757 0)
(-0.00394268 -0.789314 0)
(-0.00511526 -0.780916 0)
(-0.00656234 -0.770143 0)
(-0.00835078 -0.756495 0)
(-0.0105715 -0.739388 0)
(-0.0133506 -0.718133 0)
(-0.0168667 -0.691932 0)
(-0.0213819 -0.659867 0)
(-0.0272921 -0.620905 0)
(-0.0352169 -0.573929 0)
(-0.0461417 -0.517831 0)
(0.84429 0.552665 0)
(0.62967 0.388268 0)
(0.440785 0.245178 0)
(0.337626 0.119532 0)
(0.976231 0.395617 0)
(1.00081 0.355138 0)
(0.992341 0.305556 0)
(0.972128 0.245044 0)
(0.899821 0.283952 0)
(0.949042 0.272393 0)
(0.986925 0.251859 0)
(1.01345 0.221084 0)
(0.828879 0.204582 0)
(0.862853 0.193795 0)
(0.895581 0.177378 0)
(0.926616 0.156308 0)
(0.790701 0.141837 0)
(0.816518 0.130352 0)
(0.843042 0.111958 0)
(0.870543 0.0908325 0)
(0.794176 0.10104 0)
(0.817844 0.0887427 0)
(0.842846 0.0675185 0)
(0.86852 0.0466917 0)
(0.821411 0.0668104 0)
(0.851944 0.0536108 0)
(0.879829 0.0141642 0)
(0.904843 -0.00706774 0)
(0.91759 -0.0533608 0)
(0.939822 -0.029462 0)
(0.958393 -0.0464447 0)
(0.961733 -0.0420711 0)
(1.07647 -0.0466317 0)
(1.09687 -0.0716058 0)
(1.11872 -0.100388 0)
(1.13958 -0.128216 0)
(1.19082 -0.0958013 0)
(1.21656 -0.0997762 0)
(1.24029 -0.108116 0)
(1.26198 -0.119246 0)
(1.21087 -0.15467 0)
(1.23834 -0.161056 0)
(1.26584 -0.171936 0)
(1.29392 -0.185426 0)
(1.18695 -0.215253 0)
(1.21664 -0.220845 0)
(1.24808 -0.234884 0)
(1.28295 -0.251418 0)
(1.15142 -0.278732 0)
(1.18525 -0.283624 0)
(1.22419 -0.316631 0)
(1.26994 -0.341683 0)
(1.14074 -0.375387 0)
(1.19702 -0.380944 0)
(1.24828 -0.41334 0)
(1.29173 -0.436857 0)
(1.07848 -0.498253 0)
(1.134 -0.506284 0)
(1.18813 -0.519909 0)
(1.23878 -0.533569 0)
(1.0046 -0.612331 0)
(1.05762 -0.621531 0)
(1.11078 -0.631982 0)
(1.16317 -0.64214 0)
(0.929604 -0.720846 0)
(0.980139 -0.732407 0)
(1.0316 -0.743708 0)
(1.08354 -0.75368 0)
(0.854171 -0.823789 0)
(0.901958 -0.838447 0)
(0.951085 -0.852111 0)
(1.00128 -0.863656 0)
(0.77591 -0.920238 0)
(0.820285 -0.938412 0)
(0.866205 -0.955164 0)
(0.913481 -0.969159 0)
(0.692599 -1.00853 0)
(0.732675 -1.03037 0)
(0.774361 -1.05051 0)
(0.817525 -1.06736 0)
(0.603201 -1.08676 0)
(0.638046 -1.11218 0)
(0.674472 -1.13575 0)
(0.712404 -1.15562 0)
(0.507889 -1.15309 0)
(0.536647 -1.18183 0)
(0.566884 -1.20871 0)
(0.598608 -1.23171 0)
(0.407773 -1.20591 0)
(0.429716 -1.23754 0)
(0.452963 -1.26752 0)
(0.477635 -1.29374 0)
(0.304616 -1.24392 0)
(0.319161 -1.27784 0)
(0.334742 -1.31055 0)
(0.351602 -1.34001 0)
(0.200605 -1.26614 0)
(0.207337 -1.30152 0)
(0.214698 -1.33636 0)
(0.223046 -1.36883 0)
(0.098242 -1.272 0)
(0.0969681 -1.30769 0)
(0.0957396 -1.34369 0)
(0.0949867 -1.37847 0)
(0.000248527 -1.26144 0)
(-0.00889349 -1.29603 0)
(-0.0187519 -1.33178 0)
(-0.0289039 -1.36753 0)
(-0.0905802 -1.23522 0)
(-0.107065 -1.26709 0)
(-0.125088 -1.30074 0)
(-0.144358 -1.33545 0)
(-0.171652 -1.195 0)
(-0.194494 -1.2225 0)
(-0.219676 -1.25203 0)
(-0.247052 -1.28323 0)
(-0.240815 -1.14314 0)
(-0.268678 -1.16489 0)
(-0.299508 -1.18849 0)
(-0.333302 -1.21382 0)
(-0.296562 -1.08262 0)
(-0.327888 -1.09769 0)
(-0.362529 -1.11409 0)
(-0.400595 -1.1318 0)
(-0.338133 -1.01658 0)
(-0.371353 -1.0247 0)
(-0.407921 -1.03337 0)
(-0.448014 -1.04263 0)
(-0.365473 -0.947992 0)
(-0.399206 -0.949427 0)
(-0.436057 -0.950625 0)
(-0.476216 -0.951555 0)
(-0.379052 -0.879303 0)
(-0.41222 -0.87474 0)
(-0.448119 -0.869249 0)
(-0.486905 -0.862731 0)
(-0.379667 -0.81238 0)
(-0.411499 -0.802677 0)
(-0.445622 -0.791538 0)
(-0.48214 -0.778809 0)
(-0.368277 -0.748555 0)
(-0.398257 -0.734573 0)
(-0.430114 -0.718837 0)
(-0.463896 -0.701163 0)
(-0.345836 -0.688738 0)
(-0.373653 -0.67123 0)
(-0.403002 -0.651818 0)
(-0.433883 -0.630306 0)
(-0.313045 -0.633469 0)
(-0.338549 -0.613018 0)
(-0.365343 -0.590643 0)
(-0.393385 -0.566155 0)
(-0.269888 -0.583016 0)
(-0.292988 -0.559939 0)
(-0.317284 -0.535037 0)
(-0.342715 -0.508161 0)
(-0.214992 -0.53795 0)
(-0.235392 -0.512236 0)
(-0.257153 -0.484895 0)
(-0.280253 -0.455891 0)
(-0.145512 -0.499533 0)
(-0.161995 -0.470724 0)
(-0.180315 -0.440265 0)
(-0.200583 -0.408233 0)
(-0.057306 -0.46907 0)
(-0.0657996 -0.435114 0)
(-0.0758135 -0.398463 0)
(-0.0879083 -0.359046 0)
(0.298772 0.0275505 0)
(0.510091 0.046449 0)
(0.797022 -0.0092665 0)
(0.822794 -0.00765412 0)
(0.790754 0.0433741 0)
(0.634462 -0.0818316 0)
(0.523725 -0.200319 0)
(0.444982 -0.28136 0)
(0.408542 -0.308133 0)
(0.415581 -0.285713 0)
(0.44272 -0.228626 0)
(0.473862 -0.145393 0)
(0.490555 -0.0456151 0)
(0.48159 0.0596763 0)
(0.44339 0.159882 0)
(0.37616 0.244023 0)
(0.283601 0.301357 0)
(0.174666 0.32486 0)
(0.0616318 0.314063 0)
(0.920891 0.15931 0)
(0.879508 0.0767153 0)
(0.863172 0.00524324 0)
(0.871491 -0.0471493 0)
(0.939772 -0.0886321 0)
(0.993017 -0.114199 0)
(1.00437 -0.124362 0)
(0.897933 -0.132277 0)
(0.774227 -0.227874 0)
(0.698439 -0.262893 0)
(0.646351 -0.237584 0)
(0.624872 -0.156822 0)
(0.613778 -0.042786 0)
(0.588217 0.0865224 0)
(0.535014 0.213734 0)
(0.451419 0.323325 0)
(0.340595 0.401451 0)
(0.210425 0.437693 0)
(0.0741109 0.4282 0)
(1.035 0.156 0)
(1.03971 0.0742226 0)
(1.03989 0.0105313 0)
(1.04413 -0.02798 0)
(1.04924 -0.0591969 0)
(1.04979 -0.0939016 0)
(1.05753 -0.130883 0)
(1.0796 -0.153936 0)
(1.08649 -0.166276 0)
(1.00791 -0.136158 0)
(0.91963 -0.160585 0)
(0.849002 -0.122052 0)
(0.791244 -0.0114973 0)
(0.734175 0.133629 0)
(0.655788 0.285754 0)
(0.547207 0.421786 0)
(0.411133 0.522474 0)
(0.254955 0.573707 0)
(0.089941 0.565804 0)
(0.972358 0.113565 0)
(1.01783 0.0525502 0)
(1.04879 -0.00498593 0)
(1.07401 -0.055049 0)
(1.09795 -0.0920441 0)
(1.11963 -0.108255 0)
(1.1343 -0.111253 0)
(1.13627 -0.12405 0)
(1.13044 -0.149862 0)
(1.12326 -0.166611 0)
(1.11431 -0.0749121 0)
(1.08755 -0.0405455 0)
(1.02328 0.0490573 0)
(0.929015 0.208103 0)
(0.813161 0.385749 0)
(0.66799 0.547751 0)
(0.496458 0.670719 0)
(0.30826 0.737837 0)
(0.109687 0.732466 0)
(0.91642 0.0542378 0)
(0.973223 0.00360938 0)
(1.02021 -0.0436269 0)
(1.06077 -0.085093 0)
(1.0973 -0.117054 0)
(1.12987 -0.136822 0)
(1.15768 -0.144166 0)
(1.1786 -0.137511 0)
(1.18759 -0.125595 0)
(1.18294 -0.133508 0)
(1.16034 -0.155463 0)
(1.17112 -0.0194027 0)
(1.22476 0.13399 0)
(1.17352 0.307338 0)
(1.02142 0.522345 0)
(0.821384 0.71408 0)
(0.598916 0.855532 0)
(0.36989 0.935875 0)
(0.133105 0.933363 0)
(0.910015 0.0132797 0)
(0.965628 -0.0328267 0)
(1.01644 -0.079494 0)
(1.06086 -0.123887 0)
(1.10033 -0.156036 0)
(1.13668 -0.172126 0)
(1.16905 -0.172431 0)
(1.19546 -0.16244 0)
(1.21435 -0.143796 0)
(1.22301 -0.119636 0)
(1.21821 -0.113976 0)
(1.19693 -0.131683 0)
(1.22753 0.134688 0)
(1.35623 0.394887 0)
(1.26947 0.688111 0)
(1.01508 0.932314 0)
(0.720326 1.08956 0)
(0.438726 1.17502 0)
(0.159409 1.17333 0)
(0.943134 -0.0377455 0)
(0.993353 -0.0782944 0)
(1.03841 -0.113873 0)
(1.07824 -0.141091 0)
(1.1157 -0.161895 0)
(1.1537 -0.176364 0)
(1.18698 -0.184404 0)
(1.21435 -0.182627 0)
(1.23577 -0.163096 0)
(1.24807 -0.131134 0)
(1.25046 -0.0991331 0)
(1.24241 -0.0882371 0)
(1.22639 -0.0989283 0)
(1.35895 0.414372 0)
(1.4824 0.865244 0)
(1.24299 1.20598 0)
(0.861169 1.38508 0)
(0.511739 1.46287 0)
(0.187046 1.45597 0)
(0.988408 -0.0586017 0)
(1.03093 -0.0943468 0)
(1.06884 -0.125875 0)
(1.10133 -0.155994 0)
(1.1326 -0.180407 0)
(1.16205 -0.199363 0)
(1.18689 -0.210608 0)
(1.22161 -0.186752 0)
(1.25431 -0.160969 0)
(1.2734 -0.134828 0)
(1.27635 -0.0991526 0)
(1.27022 -0.0656788 0)
(1.25756 -0.052068 0)
(1.24257 0.021238 0)
(1.49727 0.87044 0)
(1.43388 1.49294 0)
(1.00793 1.74249 0)
(0.582435 1.80356 0)
(0.213251 1.78227 0)
(1.17385 -0.180049 0)
(1.21481 -0.231055 0)
(1.24459 -0.264424 0)
(1.26103 -0.299148 0)
(1.26904 -0.330836 0)
(1.2659 -0.302328 0)
(1.19634 -0.227153 0)
(1.20742 -0.208944 0)
(1.255 -0.190734 0)
(1.28837 -0.138493 0)
(1.29787 -0.0941483 0)
(1.29005 -0.0517499 0)
(1.27668 -0.0214772 0)
(1.26731 -0.00405601 0)
(1.33476 0.771545 0)
(1.55477 1.75827 0)
(1.14091 2.13901 0)
(0.642108 2.19261 0)
(0.234651 2.14918 0)
(1.29714 -0.141505 0)
(1.3426 -0.16776 0)
(1.37882 -0.181757 0)
(1.40095 -0.187199 0)
(1.40462 -0.187794 0)
(1.3934 -0.18822 0)
(1.3804 -0.2456 0)
(1.41895 -0.340358 0)
(1.30555 -0.228021 0)
(1.29561 -0.165234 0)
(1.307 -0.0915549 0)
(1.30053 -0.0388941 0)
(1.28476 0.00321515 0)
(1.27327 0.0355619 0)
(1.27657 0.279062 0)
(1.57184 1.88787 0)
(1.20433 2.54404 0)
(0.67635 2.61633 0)
(0.247424 2.5468 0)
(1.34128 -0.209504 0)
(1.4049 -0.234657 0)
(1.46126 -0.244139 0)
(1.50566 -0.239727 0)
(1.53341 -0.224488 0)
(1.54423 -0.201173 0)
(1.53538 -0.187483 0)
(1.49005 -0.180051 0)
(1.50278 -0.204623 0)
(1.31587 -0.128062 0)
(1.30975 -0.0846129 0)
(1.30191 -0.0229696 0)
(1.28357 0.026172 0)
(1.2666 0.0663046 0)
(1.24839 0.174065 0)
(1.39995 1.98097 0)
(1.16481 2.90579 0)
(0.674738 3.04456 0)
(0.24856 2.95743 0)
(1.34552 -0.277712 0)
(1.43216 -0.29845 0)
(1.50957 -0.298356 0)
(1.57231 -0.279363 0)
(1.61434 -0.246102 0)
(1.62993 -0.205168 0)
(1.6116 -0.168709 0)
(1.54598 -0.137796 0)
(1.50438 -0.102254 0)
(1.34682 -0.0779846 0)
(1.31192 -0.0610485 0)
(1.29433 -0.000600377 0)
(1.27384 0.0484919 0)
(1.25408 0.0925956 0)
(1.23893 0.144606 0)
(1.21164 2.03663 0)
(1.06192 3.21201 0)
(0.636863 3.44731 0)
(0.237382 3.35853 0)
(1.34746 -0.368513 0)
(1.44866 -0.381109 0)
(1.53766 -0.368521 0)
(1.61012 -0.331854 0)
(1.65875 -0.274634 0)
(1.67485 -0.203919 0)
(1.6506 -0.130979 0)
(1.57742 -0.0631727 0)
(1.51289 -0.00543167 0)
(1.45776 -0.0165451 0)
(1.28902 -0.0129153 0)
(1.27925 0.0308828 0)
(1.25706 0.0747142 0)
(1.23563 0.113677 0)
(1.22359 0.164772 0)
(1.08841 2.13434 0)
(0.934134 3.48001 0)
(0.570305 3.80664 0)
(0.215817 3.72888 0)
(1.36115 -0.460225 0)
(1.45661 -0.46619 0)
(1.54637 -0.442815 0)
(1.62214 -0.388192 0)
(1.67258 -0.304058 0)
(1.68611 -0.198482 0)
(1.65518 -0.0866835 0)
(1.57474 0.0132905 0)
(1.4932 0.0793546 0)
(1.49475 0.0572979 0)
(1.26882 0.0460618 0)
(1.2581 0.0697173 0)
(1.23563 0.104224 0)
(1.21115 0.14067 0)
(1.20271 0.215146 0)
(0.957684 2.28799 0)
(0.787186 3.72632 0)
(0.487885 4.11462 0)
(0.187703 4.05323 0)
(1.31852 -0.551575 0)
(1.42439 -0.553088 0)
(1.52226 -0.520245 0)
(1.60361 -0.446613 0)
(1.65527 -0.332166 0)
(1.66389 -0.187107 0)
(1.62195 -0.0335831 0)
(1.5262 0.0968687 0)
(1.42897 0.164737 0)
(1.42245 0.126742 0)
(1.25058 0.101666 0)
(1.24341 0.11863 0)
(1.2168 0.133733 0)
(1.17963 0.152909 0)
(1.12494 0.309681 0)
(0.769613 2.5088 0)
(0.646594 3.94714 0)
(0.409628 4.36572 0)
(0.159161 4.32522 0)
(1.24904 -0.655794 0)
(1.36514 -0.65093 0)
(1.47181 -0.605595 0)
(1.55831 -0.508534 0)
(1.60949 -0.357924 0)
(1.61076 -0.166999 0)
(1.55504 0.033482 0)
(1.44167 0.196814 0)
(1.32984 0.265878 0)
(1.27933 0.154032 0)
(1.25497 0.12469 0)
(1.23027 0.160508 0)
(1.20383 0.185656 0)
(1.16893 0.217545 0)
(1.0426 0.59074 0)
(0.796392 2.75251 0)
(0.612139 4.14473 0)
(0.366911 4.57447 0)
(0.139757 4.55382 0)
(1.17086 -0.766011 0)
(1.29183 -0.755593 0)
(1.40321 -0.695997 0)
(1.49134 -0.571366 0)
(1.53896 -0.378858 0)
(1.53119 -0.136431 0)
(1.46326 0.114102 0)
(1.34226 0.306591 0)
(1.21353 0.358703 0)
(1.21329 0.115646 0)
(1.21447 0.15596 0)
(1.20249 0.18928 0)
(1.18127 0.237771 0)
(1.16192 0.306547 0)
(1.13959 0.475918 0)
(0.985607 2.9286 0)
(0.678358 4.38391 0)
(0.356741 4.79091 0)
(0.130105 4.76281 0)
(1.0869 -0.877132 0)
(1.20754 -0.862334 0)
(1.31875 -0.787225 0)
(1.40439 -0.631557 0)
(1.4455 -0.39279 0)
(1.42795 -0.0961208 0)
(1.35138 0.202027 0)
(1.23541 0.412447 0)
(1.08524 0.423711 0)
(1.13732 0.0884654 0)
(1.14918 0.15634 0)
(1.15203 0.203554 0)
(1.14396 0.260149 0)
(1.13212 0.349412 0)
(1.1108 0.473141 0)
(0.905121 3.07978 0)
(0.632224 4.68194 0)
(0.307954 5.03407 0)
(0.111195 4.96287 0)
(0.994783 -0.985209 0)
(1.11063 -0.966837 0)
(1.21747 -0.875303 0)
(1.29755 -0.685934 0)
(1.33038 -0.398052 0)
(1.3023 -0.0474022 0)
(1.21788 0.291098 0)
(1.11349 0.503135 0)
(1.00602 0.456071 0)
(1.00814 0.0866424 0)
(1.04822 0.113613 0)
(1.07292 0.205863 0)
(1.08248 0.282328 0)
(1.07448 0.387882 0)
(1.06592 0.636322 0)
(0.550284 3.4664 0)
(0.426285 4.97589 0)
(0.17849 5.24692 0)
(0.0672228 5.12155 0)
(0.892134 -1.08675 0)
(0.999539 -1.06555 0)
(1.09925 -0.957435 0)
(1.17292 -0.732602 0)
(1.19822 -0.39296 0)
(1.15892 0.0121911 0)
(1.0597 0.386407 0)
(0.942585 0.589826 0)
(0.853255 0.479712 0)
(0.731559 0.179744 0)
(0.91532 0.0530235 0)
(0.96983 0.169055 0)
(0.984044 0.252628 0)
(0.901369 0.416688 0)
(0.812136 0.968907 0)
(0.154069 3.55615 0)
(0.110835 5.15624 0)
(-0.013496 5.3547 0)
(-0.00193404 5.19507 0)
(0.778263 -1.1789 0)
(0.874603 -1.15627 0)
(0.966366 -1.03322 0)
(1.03633 -0.773266 0)
(1.06071 -0.379326 0)
(1.01685 0.0858928 0)
(0.903231 0.503403 0)
(0.752512 0.714399 0)
(0.610174 0.56666 0)
(0.412115 0.164074 0)
(0.193312 -0.0875706 0)
(0.595739 0.075668 0)
(0.764797 0.252119 0)
(0.485548 0.469748 0)
(0.163193 1.49448 0)
(-0.397295 3.88603 0)
(-0.262558 5.17856 0)
(-0.22218 5.35898 0)
(-0.0822778 5.11436 0)
(0.654028 -1.25952 0)
(0.737569 -1.23827 0)
(0.822194 -1.10518 0)
(0.894658 -0.815539 0)
(0.932801 -0.370119 0)
(0.908026 0.156839 0)
(0.814477 0.620693 0)
(0.693877 0.847258 0)
(0.667822 0.745149 0)
(0.47219 0.422113 0)
(0.0103441 -0.107894 0)
(-0.221558 -0.231255 0)
(0.0242966 0.220153 0)
(-0.0129812 0.816351 0)
(-0.46283 1.96329 0)
(-0.792653 4.02543 0)
(-0.534657 5.01288 0)
(-0.369357 5.24531 0)
(-0.142925 4.90471 0)
(0.521192 -1.32697 0)
(0.590435 -1.31152 0)
(0.668663 -1.1772 0)
(0.74979 -0.870322 0)
(0.817451 -0.386333 0)
(0.838365 0.190336 0)
(0.806796 0.676059 0)
(0.843015 0.84436 0)
(0.99187 0.65374 0)
(1.0951 0.698348 0)
(0.860802 0.683666 0)
(0.0572475 0.0600553 0)
(-0.13917 0.139089 0)
(-0.275158 1.02058 0)
(-0.6971 2.31956 0)
(-0.90164 3.96066 0)
(-0.622844 4.75497 0)
(-0.414019 5.04899 0)
(-0.163263 4.63458 0)
(0.381967 -1.37958 0)
(0.434881 -1.37532 0)
(0.505461 -1.25162 0)
(0.597155 -0.946087 0)
(0.702903 -0.444911 0)
(0.782425 0.162031 0)
(0.815568 0.634304 0)
(1.05235 0.681724 0)
(1.08775 0.635092 0)
(1.07538 0.727046 0)
(1.01572 0.775558 0)
(0.890806 0.702301 0)
(0.118972 0.502302 0)
(-0.182274 1.30445 0)
(-0.649993 2.57651 0)
(-0.798065 3.8804 0)
(-0.57607 4.52242 0)
(-0.381682 4.83359 0)
(-0.150386 4.37084 0)
(0.238862 -1.41517 0)
(0.272331 -1.42714 0)
(0.33074 -1.32676 0)
(0.428179 -1.04509 0)
(0.570967 -0.556172 0)
(0.71457 0.0527458 0)
(0.852909 0.509242 0)
(1.02729 0.553368 0)
(1.04109 0.625058 0)
(1.03424 0.726879 0)
(1.01379 0.835213 0)
(0.978709 0.895176 0)
(0.726645 0.951589 0)
(0.103345 1.73908 0)
(-0.42207 2.86144 0)
(-0.603916 3.863 0)
(-0.475343 4.35942 0)
(-0.319192 4.64183 0)
(-0.123728 4.14953 0)
(0.0949191 -1.43095 0)
(0.104717 -1.46194 0)
(0.142758 -1.39499 0)
(0.232141 -1.15839 0)
(0.39287 -0.71253 0)
(0.594496 -0.124821 0)
(0.810446 0.389067 0)
(0.938116 0.489743 0)
(0.943178 0.60843 0)
(0.949256 0.729682 0)
(0.936292 0.862853 0)
(0.915655 0.995966 0)
(0.879617 1.16631 0)
(0.346286 2.30238 0)
(-0.191335 3.22404 0)
(-0.431722 3.91926 0)
(-0.38321 4.26147 0)
(-0.263638 4.48699 0)
(-0.100496 3.97356 0)
(-0.0458235 -1.42408 0)
(-0.0638623 -1.47319 0)
(-0.0559218 -1.44369 0)
(0.0065398 -1.26667 0)
(0.155148 -0.888536 0)
(0.385807 -0.340975 0)
(0.653218 0.22696 0)
(0.800794 0.444781 0)
(0.802647 0.598308 0)
(0.818318 0.735694 0)
(0.812249 0.882732 0)
(0.794676 1.06019 0)
(0.765379 1.26579 0)
(0.430717 2.63841 0)
(-0.137323 3.61345 0)
(-0.359278 4.02058 0)
(-0.339268 4.20542 0)
(-0.238631 4.36478 0)
(-0.0925383 3.8244 0)
(-0.178159 -1.39254 0)
(-0.226312 -1.45488 0)
(-0.256799 -1.46035 0)
(-0.238696 -1.3472 0)
(-0.132021 -1.05403 0)
(0.0834976 -0.574349 0)
(0.36136 -0.00438148 0)
(0.614766 0.401764 0)
(0.637013 0.562767 0)
(0.647704 0.748003 0)
(0.6556 0.911403 0)
(0.638599 1.10275 0)
(0.605279 1.37044 0)
(0.038862 3.15612 0)
(-0.308856 3.93866 0)
(-0.418661 4.09635 0)
(-0.359449 4.15379 0)
(-0.253559 4.25928 0)
(-0.104741 3.67391 0)
(-0.296385 -1.3363 0)
(-0.374013 -1.40339 0)
(-0.446299 -1.43466 0)
(-0.48482 -1.37949 0)
(-0.446501 -1.17759 0)
(-0.289903 -0.797367 0)
(-0.0148669 -0.279118 0)
(0.295842 0.250796 0)
(0.473611 0.529203 0)
(0.477008 0.7397 0)
(0.494011 0.914597 0)
(0.446618 1.12226 0)
(0.259627 1.81617 0)
(-0.570401 3.57288 0)
(-0.586985 4.08038 0)
(-0.561279 4.07615 0)
(-0.427582 4.06917 0)
(-0.299916 4.1482 0)
(-0.131949 3.49586 0)
(-0.395281 -1.25806 0)
(-0.49812 -1.31943 0)
(-0.609532 -1.36157 0)
(-0.7081 -1.34731 0)
(-0.75649 -1.22616 0)
(-0.704446 -0.957485 0)
(-0.5136 -0.546823 0)
(-0.203141 -0.0648331 0)
(0.110741 0.371039 0)
(0.292214 0.698491 0)
(0.291239 0.890099 0)
(-0.112641 1.20494 0)
(-0.722707 2.52418 0)
(-1.12608 3.76111 0)
(-0.893826 4.00124 0)
(-0.720594 3.94157 0)
(-0.514297 3.93517 0)
(-0.357293 4.01248 0)
(-0.161217 3.27688 0)
(-0.471106 -1.16317 0)
(-0.59152 -1.20891 0)
(-0.732709 -1.24527 0)
(-0.88227 -1.24704 0)
(-1.01515 -1.17634 0)
(-1.09118 -0.995096 0)
(-1.07103 -0.690621 0)
(-0.957497 -0.296665 0)
(-0.817391 0.128454 0)
(-0.728776 0.584781 0)
(-0.842025 1.20582 0)
(-1.23932 1.89219 0)
(-1.55793 2.87737 0)
(-1.50671 3.63964 0)
(-1.12595 3.74159 0)
(-0.842586 3.7181 0)
(-0.592026 3.75726 0)
(-0.404232 3.84249 0)
(-0.179408 3.0218 0)
(-0.522457 -1.0588 0)
(-0.650937 -1.08203 0)
(-0.80768 -1.09917 0)
(-0.988052 -1.09362 0)
(-1.17891 -1.03803 0)
(-1.35539 -0.900238 0)
(-1.4899 -0.656658 0)
(-1.57584 -0.302006 0)
(-1.63471 0.161134 0)
(-1.69271 0.737242 0)
(-1.8084 1.41417 0)
(-1.97226 2.11461 0)
(-1.96021 2.82981 0)
(-1.65342 3.30157 0)
(-1.22912 3.39823 0)
(-0.9047 3.45054 0)
(-0.640877 3.55115 0)
(-0.42561 3.63876 0)
(-0.178558 2.74958 0)
(-0.550456 -0.952299 0)
(-0.67799 -0.950459 0)
(-0.835478 -0.941311 0)
(-1.02314 -0.913886 0)
(-1.23561 -0.848411 0)
(-1.45892 -0.71885 0)
(-1.67456 -0.500684 0)
(-1.86813 -0.176108 0)
(-2.0284 0.267458 0)
(-2.14331 0.823042 0)
(-2.20081 1.43589 0)
(-2.17202 2.03704 0)
(-1.97873 2.57246 0)
(-1.61172 2.91543 0)
(-1.22325 3.05819 0)
(-0.91166 3.18012 0)
(-0.652893 3.33205 0)
(-0.416354 3.40979 0)
(-0.157901 2.484 0)
(-0.55795 -0.849523 0)
(-0.678016 -0.824055 0)
(-0.825018 -0.788053 0)
(-1.00123 -0.734155 0)
(-1.20506 -0.648567 0)
(-1.42785 -0.51148 0)
(-1.65434 -0.301766 0)
(-1.86524 -0.00262154 0)
(-2.03785 0.393367 0)
(-2.1414 0.872654 0)
(-2.14715 1.3874 0)
(-2.03729 1.87684 0)
(-1.80282 2.2927 0)
(-1.4772 2.58115 0)
(-1.15502 2.76218 0)
(-0.877987 2.92897 0)
(-0.630706 3.10917 0)
(-0.380704 3.16778 0)
(-0.123346 2.24558 0)
(-0.548268 -0.754049 0)
(-0.65741 -0.708888 0)
(-0.787974 -0.649895 0)
(-0.942335 -0.571897 0)
(-1.12029 -0.465859 0)
(-1.31578 -0.318279 0)
(-1.51555 -0.113652 0)
(-1.70016 0.15985 0)
(-1.84449 0.504733 0)
(-1.91849 0.905661 0)
(-1.8995 1.32604 0)
(-1.78119 1.7218 0)
(-1.5751 2.05917 0)
(-1.31702 2.31736 0)
(-1.05815 2.51537 0)
(-0.817078 2.70178 0)
(-0.582771 2.8874 0)
(-0.328392 2.92513 0)
(-0.0843646 2.04679 0)
(-0.524365 -0.667406 0)
(-0.621558 -0.607267 0)
(-0.734209 -0.530982 0)
(-0.863927 -0.434568 0)
(-1.0106 -0.312458 0)
(-1.16964 -0.156639 0)
(-1.33086 0.0423212 0)
(-1.47744 0.291294 0)
(-1.58699 0.58955 0)
(-1.63728 0.923419 0)
(-1.61362 1.26721 0)
(-1.51509 1.59218 0)
(-1.35461 1.87676 0)
(-1.15719 2.11182 0)
(-0.948984 2.30982 0)
(-0.739234 2.49647 0)
(-0.519413 2.67143 0)
(-0.270554 2.69279 0)
(-0.049848 1.89074 0)
(-0.48859 -0.589807 0)
(-0.574233 -0.519047 0)
(-0.669998 -0.431033 0)
(-0.776826 -0.32222 0)
(-0.894616 -0.189573 0)
(-1.01958 -0.0293174 0)
(-1.14383 0.163261 0)
(-1.25449 0.391172 0)
(-1.3352 0.651192 0)
(-1.37041 0.932956 0)
(-1.35075 1.21941 0)
(-1.27641 1.49225 0)
(-1.15638 1.73774 0)
(-1.00522 1.9504 0)
(-0.835865 2.13697 0)
(-0.652974 2.31119 0)
(-0.45039 2.46708 0)
(-0.216491 2.47944 0)
(-0.0249104 1.77306 0)
(-0.442683 -0.520684 0)
(-0.518005 -0.442911 0)
(-0.598798 -0.347856 0)
(-0.685927 -0.231349 0)
(-0.780052 -0.0925367 0)
(-0.877841 0.0689623 0)
(-0.972599 0.254978 0)
(-1.05516 0.46537 0)
(-1.1145 0.696216 0)
(-1.14026 0.939679 0)
(-1.12612 1.1844 0)
(-1.07168 1.41837 0)
(-0.981838 1.63227 0)
(-0.864101 1.82195 0)
(-0.724618 1.99058 0)
(-0.565564 2.14562 0)
(-0.383298 2.2799 0)
(-0.171714 2.29035 0)
(-0.0101858 1.68513 0)
(-0.387408 -0.459056 0)
(-0.454551 -0.377286 0)
(-0.522686 -0.279311 0)
(-0.593219 -0.158026 0)
(-0.668961 -0.0154317 0)
(-0.746812 0.14527 0)
(-0.820325 0.324544 0)
(-0.882933 0.5207 0)
(-0.927399 0.729655 0)
(-0.947005 0.945152 0)
(-0.937285 1.15917 0)
(-0.897158 1.36334 0)
(-0.828623 1.55085 0)
(-0.735159 1.71821 0)
(-0.619479 1.86664 0)
(-0.482565 2.00055 0)
(-0.322967 2.11449 0)
(-0.137852 2.1282 0)
(-0.00337363 1.61887 0)
(-0.321418 -0.404056 0)
(-0.383672 -0.321086 0)
(-0.442511 -0.225009 0)
(-0.500442 -0.100101 0)
(-0.562673 0.0462261 0)
(-0.626569 0.205471 0)
(-0.685116 0.378331 0)
(-0.733779 0.562873 0)
(-0.767899 0.755153 0)
(-0.783164 0.949818 0)
(-0.776404 1.14062 0)
(-0.746226 1.32127 0)
(-0.69301 1.48645 0)
(-0.618111 1.63314 0)
(-0.522573 1.76157 0)
(-0.406864 1.87475 0)
(-0.271007 1.97015 0)
(-0.113642 1.98838 0)
(-0.00174498 1.56349 0)
(-0.238086 -0.352104 0)
(-0.298808 -0.268686 0)
(-0.353802 -0.182477 0)
(-0.410583 -0.0586697 0)
(-0.465432 0.0964898 0)
(-0.520694 0.255951 0)
(-0.568472 0.422454 0)
(-0.606452 0.596353 0)
(-0.632069 0.774816 0)
(-0.642937 0.953327 0)
(-0.637119 1.1266 0)
(-0.613474 1.28937 0)
(-0.571781 1.43721 0)
(-0.512431 1.56745 0)
(-0.435684 1.67995 0)
(-0.341497 1.77725 0)
(-0.2297 1.85962 0)
(-0.0977372 1.88412 0)
(-0.00213427 1.52687 0)
(-0.113794 -0.288537 0)
(-0.167233 -0.180871 0)
(-0.225404 -0.0897586 0)
(-0.332047 0.0315117 0)
(-0.383283 0.178675 0)
(-0.440404 0.320537 0)
(-0.484362 0.470819 0)
(-0.513941 0.628571 0)
(-0.529825 0.790032 0)
(-0.532084 0.950426 0)
(-0.52061 1.10464 0)
(-0.495498 1.24791 0)
(-0.457174 1.37639 0)
(-0.406332 1.48771 0)
(-0.343647 1.58139 0)
(-0.269745 1.65901 0)
(-0.18524 1.72231 0)
(-0.0875338 1.74719 0)
(-0.0105707 1.45688 0)
)
;

boundaryField
{
    leftWall
    {
        type            noSlip;
    }
    rightWall
    {
        type            noSlip;
    }
    lowerWall
    {
        type            noSlip;
    }
    atmosphere
    {
        type            pressureInletOutletVelocity;
        value           nonuniform List<vector> 
46
(
(0 -0.658532 0)
(0 -0.863191 0)
(0 -0.81918 0)
(0 -0.819295 0)
(0 -0.813803 0)
(0 -0.811834 0)
(0 -0.810238 0)
(0 -0.808694 0)
(0 -0.806786 0)
(0 -0.804188 0)
(0 -0.800609 0)
(0 -0.795757 0)
(0 -0.789314 0)
(0 -0.780916 0)
(0 -0.770143 0)
(0 -0.756495 0)
(0 -0.739388 0)
(0 -0.718133 0)
(0 -0.691932 0)
(0 -0.659867 0)
(0 -0.620905 0)
(0 -0.573929 0)
(0 -0.517831 0)
(0 -0.46907 0)
(0 -0.435114 0)
(0 -0.398463 0)
(0 -0.359046 0)
(0 -0.288537 0)
(0 -0.180871 0)
(0 -0.0897586 0)
(-0.332047 0.0315117 0)
(-0.383283 0.178675 0)
(-0.440404 0.320537 0)
(-0.484362 0.470819 0)
(-0.513941 0.628571 0)
(-0.529825 0.790032 0)
(-0.532084 0.950426 0)
(-0.52061 1.10464 0)
(-0.495498 1.24791 0)
(-0.457174 1.37639 0)
(-0.406332 1.48771 0)
(-0.343647 1.58139 0)
(-0.269745 1.65901 0)
(-0.18524 1.72231 0)
(-0.0875338 1.74719 0)
(-0.0105707 1.45688 0)
)
;
    }
    defaultFaces
    {
        type            empty;
    }
    porous_half0
    {
        type            cyclic;
    }
    porous_half1
    {
        type            cyclic;
    }
}


// ************************************************************************* //
