/*--------------------------------*- C++ -*----------------------------------*\
| =========                 |                                                 |
| \\      /  F ield         | OpenFOAM: The Open Source CFD Toolbox           |
|  \\    /   O peration     | Version:  2212                                  |
|   \\  /    A nd           | Website:  www.openfoam.com                      |
|    \\/     M anipulation  |                                                 |
\*---------------------------------------------------------------------------*/
FoamFile
{
    version     2.0;
    format      ascii;
    arch        "LSB;label=32;scalar=64";
    class       surfaceScalarField;
    location    "10/topAir";
    object      phi;
}
// * * * * * * * * * * * * * * * * * * * * * * * * * * * * * * * * * * * * * //

dimensions      [1 0 -1 0 0 0 0];

oriented        oriented;

internalField   nonuniform List<scalar> 
3140
(
9.0686188e-06
1.1743831e-07
8.2912101e-08
8.8406839e-06
1.236185e-07
1.0431638e-07
8.6156108e-06
1.1495384e-07
1.1011927e-07
8.3912844e-06
1.1115447e-07
1.1317187e-07
8.1691814e-06
1.0780696e-07
1.1429608e-07
7.952988e-06
1.0297474e-07
1.1321859e-07
7.7449672e-06
9.7505804e-08
1.1051495e-07
7.5460533e-06
9.2051447e-08
1.0686251e-07
7.3566172e-06
8.6747758e-08
1.0268826e-07
7.1767925e-06
8.1592237e-08
9.8232536e-08
7.0065562e-06
7.6576962e-08
9.3659291e-08
6.8457743e-06
7.1673282e-08
8.9108624e-08
6.6942334e-06
6.6814414e-08
8.4726577e-08
6.551456e-06
6.2055784e-08
8.0724718e-08
6.4169326e-06
5.7267087e-08
7.7261957e-08
6.2901315e-06
5.2471191e-08
7.4337507e-08
6.1705769e-06
4.7721165e-08
7.1842298e-08
6.0578715e-06
4.308731e-08
6.9627589e-08
5.9516883e-06
3.8641531e-08
6.755114e-08
5.8517442e-06
3.4442349e-08
6.5510795e-08
5.7577741e-06
3.052855e-08
6.3449964e-08
5.6695221e-06
2.6922972e-08
6.133674e-08
5.5867487e-06
2.3639355e-08
5.9141066e-08
5.5092474e-06
2.0687167e-08
5.6820491e-08
5.4368692e-06
1.8073522e-08
5.4310379e-08
5.3695601e-06
1.5801328e-08
5.1512935e-08
5.3074215e-06
1.3860138e-08
4.8283191e-08
5.2508234e-06
1.2194662e-08
4.4407658e-08
5.200712e-06
1.0565378e-08
3.9549968e-08
9.2648799e-09
3.39695e-08
9.3014386e-06
-3.4499399e-12
8.4963909e-08
9.3179131e-06
-7.1988662e-12
1.0715115e-07
9.3190297e-06
-1.2937544e-11
1.1385017e-07
9.3119461e-06
-2.245591e-11
1.1826049e-07
9.2988801e-06
-3.8343703e-11
1.2091138e-07
9.2804644e-06
-6.4730397e-11
1.2145507e-07
9.2576085e-06
-1.0809618e-10
1.2046979e-07
9.2312411e-06
-1.7840993e-10
1.1859723e-07
9.2020655e-06
-2.904347e-10
1.1621382e-07
9.1706069e-06
-4.6533738e-10
1.135162e-07
9.1372921e-06
-7.31664e-10
1.1062346e-07
9.1024758e-06
-1.1239735e-09
1.0761359e-07
9.0664417e-06
-1.673598e-09
1.045221e-07
9.0295468e-06
-2.3838894e-09
1.0133465e-07
8.9920134e-06
-3.2727827e-09
9.8073564e-08
8.9540355e-06
-4.3440594e-09
9.4793566e-08
8.9157739e-06
-5.5604862e-09
9.154395e-08
8.8773604e-06
-6.8644313e-09
8.8366098e-08
8.8389046e-06
-8.1925534e-09
8.5290873e-08
8.8005022e-06
-9.4847535e-09
8.2330772e-08
8.762239e-06
-1.0689313e-08
7.9482427e-08
8.7241955e-06
-1.176294e-08
7.6730916e-08
8.6864532e-06
-1.2667009e-08
7.4050216e-08
8.6491046e-06
-1.3363537e-08
7.1400993e-08
8.6122657e-06
-1.3812411e-08
6.8726502e-08
8.5760949e-06
-1.3970383e-08
6.5944252e-08
8.5408278e-06
-1.3796505e-08
6.2925459e-08
8.5068619e-06
-1.326602e-08
5.9428383e-08
8.4749917e-06
-1.2392227e-08
5.4829592e-08
-1.1322662e-08
4.7822074e-08
9.301428e-06
-1.1744289e-07
8.4963732e-08
9.3178979e-06
-1.2362783e-07
1.0715076e-07
9.3190058e-06
-1.1497026e-07
1.1384941e-07
9.3119068e-06
-1.1118255e-07
1.18259e-07
9.2988143e-06
-1.0785424e-07
1.2090844e-07
9.2803539e-06
-1.0305364e-07
1.2144929e-07
9.2574235e-06
-9.7636333e-08
1.2045853e-07
9.2309348e-06
-9.2265351e-08
1.1857565e-07
9.2015659e-06
-8.7094693e-08
1.1617323e-07
9.1698076e-06
-8.2148739e-08
1.1344168e-07
9.1360444e-06
-7.7459672e-08
1.1049116e-07
9.100589e-06
-7.305859e-08
1.0739003e-07
9.0637036e-06
-6.8962117e-08
1.041739e-07
9.0256371e-06
-6.5171484e-08
1.0085409e-07
8.9866017e-06
-6.1683191e-08
9.7445851e-08
8.946769e-06
-5.849345e-08
9.398218e-08
8.9062875e-06
-5.5583276e-08
9.0504328e-08
8.8652933e-06
-5.2921059e-08
8.705084e-08
8.8239188e-06
-5.0469958e-08
8.3651975e-08
8.7823011e-06
-4.8192887e-08
8.0325915e-08
8.740588e-06
-4.605529e-08
7.7079149e-08
8.6989418e-06
-4.4025788e-08
7.3909257e-08
8.6575425e-06
-4.207429e-08
7.0806688e-08
8.6165954e-06
-4.0169457e-08
6.7753275e-08
8.5763406e-06
-3.8276134e-08
6.4718696e-08
8.5370654e-06
-3.6351821e-08
6.1656915e-08
8.4991198e-06
-3.4340278e-08
5.8489629e-08
8.4629596e-06
-3.2145001e-08
5.5039541e-08
8.4292972e-06
-2.9495098e-08
5.0765599e-08
-2.6690858e-08
4.4403162e-08
9.0685894e-06
8.2911689e-08
8.840646e-06
1.0431551e-07
8.6155582e-06
1.1011761e-07
8.3912069e-06
1.1316867e-07
8.1690629e-06
1.142898e-07
7.952803e-06
1.1320626e-07
7.7446759e-06
1.1049081e-07
7.5455948e-06
1.068157e-07
7.3559015e-06
1.0259856e-07
7.17569e-06
9.8062803e-08
7.004888e-06
9.3342333e-08
6.8433049e-06
8.8524495e-08
6.6906803e-06
8.3662433e-08
6.5467224e-06
7.8786443e-08
6.4111171e-06
7.3922103e-08
6.2835178e-06
6.9105907e-08
6.1635505e-06
6.4383997e-08
6.0508278e-06
5.9801616e-08
5.9449631e-06
5.539472e-08
5.8455851e-06
5.1185125e-08
5.7523508e-06
4.7179003e-08
5.6649556e-06
4.3369474e-08
5.583139e-06
3.9742335e-08
5.5066926e-06
3.6276899e-08
5.4354758e-06
3.2940719e-08
5.3694322e-06
2.9691832e-08
5.3086175e-06
2.6474464e-08
5.2532643e-06
2.320824e-08
5.2040399e-06
1.9729371e-08
1.6355187e-08
9.1961217e-06
1.1942098e-07
3.6338638e-08
9.1094318e-06
1.256453e-07
6.5360965e-08
9.0231437e-06
1.1674663e-07
7.9660765e-08
8.9359025e-06
1.1321704e-07
8.719593e-08
8.848062e-06
1.1028093e-07
9.1855699e-08
8.761169e-06
1.0583807e-07
9.4273515e-08
8.6761248e-06
1.0077715e-07
9.4781928e-08
8.593296e-06
9.5771021e-08
9.3920351e-08
8.5128781e-06
9.094854e-08
9.2157579e-08
8.4350208e-06
8.62843e-08
8.9805562e-08
8.3598462e-06
8.1744072e-08
8.7089765e-08
8.287472e-06
7.7255865e-08
8.422697e-08
8.2180172e-06
7.2677361e-08
8.1504348e-08
8.151056e-06
6.8215301e-08
7.9478453e-08
8.0862505e-06
6.3565125e-08
7.8517064e-08
8.0232727e-06
5.8806507e-08
7.8528747e-08
7.9619251e-06
5.4037764e-08
7.9175734e-08
7.9021641e-06
4.9363066e-08
8.0050901e-08
7.8440673e-06
4.4882344e-08
8.0791274e-08
7.7877549e-06
4.0661697e-08
8.1186255e-08
7.7333344e-06
3.6732875e-08
8.1161045e-08
7.6808895e-06
3.3109641e-08
8.069383e-08
7.630492e-06
2.9800109e-08
7.9758676e-08
7.5822184e-06
2.6812077e-08
7.8300732e-08
7.5361702e-06
2.4154876e-08
7.6220975e-08
7.4925051e-06
2.1834933e-08
7.3358918e-08
7.451497e-06
1.9831274e-08
6.9474788e-08
7.4136821e-06
1.7992914e-08
6.4243134e-08
7.3803118e-06
1.5622684e-08
5.7310132e-08
1.1141067e-08
4.8824398e-08
9.4357663e-06
-3.6200849e-12
3.758293e-08
9.6004739e-06
-7.6722833e-12
6.8096504e-08
9.7473547e-06
-1.3962523e-11
8.3729956e-08
9.8862003e-06
-2.4404915e-11
9.2656362e-08
1.0018611e-05
-4.1871477e-11
9.882352e-08
1.014313e-05
-7.1023749e-11
1.0284537e-07
1.0259454e-05
-1.1930804e-10
1.0504231e-07
1.0368093e-05
-1.9840671e-10
1.0592724e-07
1.046965e-05
-3.2623009e-10
1.0593134e-07
1.0564658e-05
-5.2913841e-10
1.053221e-07
1.0653609e-05
-8.4359679e-10
1.0425955e-07
1.0736959e-05
-1.3135517e-09
1.0283294e-07
1.0815095e-05
-1.9707872e-09
1.0103455e-07
1.0888708e-05
-2.784579e-09
9.8721767e-08
1.0958181e-05
-3.7845231e-09
9.5950593e-08
1.102389e-05
-5.0027558e-09
9.2895667e-08
1.1086149e-05
-6.4022253e-09
8.9725703e-08
1.114521e-05
-7.9223295e-09
8.6593041e-08
1.1201276e-05
-9.4943523e-09
8.3604021e-08
1.1254534e-05
-1.1049375e-08
8.0786269e-08
1.1305158e-05
-1.2529379e-08
7.8124153e-08
1.1353308e-05
-1.3887616e-08
7.5582105e-08
1.1399137e-05
-1.5081609e-08
7.3106002e-08
1.1442802e-05
-1.6066287e-08
7.0618477e-08
1.1484461e-05
-1.6788097e-08
6.8015305e-08
1.1524269e-05
-1.7181105e-08
6.5156189e-08
1.1562347e-05
-1.7168631e-08
6.1852073e-08
1.1598587e-05
-1.6669626e-08
5.7855274e-08
1.1631796e-05
-1.5619246e-08
5.2867132e-08
-1.4110851e-08
4.6913677e-08
9.4357555e-06
-1.1942574e-07
3.7582621e-08
9.6004581e-06
-1.2565522e-07
6.8095754e-08
9.7473294e-06
-1.1676434e-07
8.3728428e-08
9.8861583e-06
-1.1324758e-07
9.2653329e-08
1.001854e-05
-1.1033269e-07
9.8817536e-08
1.014301e-05
-1.0592498e-07
1.0283367e-07
1.0259251e-05
-1.00922e-07
1.0501965e-07
1.0367755e-05
-9.6010782e-08
1.0588391e-07
1.0469095e-05
-9.1342675e-08
1.0584995e-07
1.0563763e-05
-8.6928128e-08
1.0517285e-07
1.0652205e-05
-8.2790801e-08
1.0399587e-07
1.073484e-05
-7.8954296e-08
1.0239578e-07
1.0812074e-05
-7.5424857e-08
1.0039396e-07
1.0884361e-05
-7.2187151e-08
9.797022e-08
1.0952111e-05
-6.9227346e-08
9.5138784e-08
1.1015662e-05
-6.6550423e-08
9.1978089e-08
1.1075312e-05
-6.4139572e-08
8.8592009e-08
1.113132e-05
-6.1961769e-08
8.5083002e-08
1.1183921e-05
-5.997827e-08
8.1534576e-08
1.1233349e-05
-5.8149169e-08
7.7998277e-08
1.1279839e-05
-5.6437581e-08
7.4496807e-08
1.1323636e-05
-5.4810541e-08
7.1035511e-08
1.1364993e-05
-5.3235625e-08
6.7604579e-08
1.1404182e-05
-5.167583e-08
6.4173915e-08
1.1441501e-05
-5.0084669e-08
6.0697166e-08
1.1477254e-05
-4.8395254e-08
5.7118217e-08
1.1511715e-05
-4.6501732e-08
5.3361825e-08
1.1544907e-05
-4.4147508e-08
4.9326409e-08
1.1575616e-05
-4.047718e-08
4.4915802e-08
-3.3463292e-08
4.0188648e-08
9.1960919e-06
3.633797e-08
9.1093928e-06
6.5359346e-08
9.0230886e-06
7.9657499e-08
8.9358202e-06
8.718948e-08
8.8479343e-06
9.1842992e-08
8.760967e-06
9.4248557e-08
8.6758026e-06
9.4733148e-08
8.5927819e-06
9.3825618e-08
8.5120628e-06
9.1975043e-08
8.4337407e-06
8.9456691e-08
8.3578641e-06
8.6428109e-08
8.2844543e-06
8.2980022e-08
8.2135349e-06
7.9156998e-08
8.1451579e-06
7.4976286e-08
8.0793871e-06
7.0465552e-08
8.0162445e-06
6.5698141e-08
7.955707e-06
6.0781877e-08
7.8977171e-06
5.5829727e-08
7.842196e-06
5.0937581e-08
7.7890622e-06
4.6169709e-08
7.7382509e-06
4.155276e-08
7.6897213e-06
3.7088625e-08
7.6434608e-06
3.2767223e-08
7.5994936e-06
2.8568288e-08
7.5578905e-06
2.4459231e-08
7.5187489e-06
2.0438275e-08
7.4822478e-06
1.6473826e-08
7.4487316e-06
1.2577057e-08
7.4190288e-06
8.9551541e-09
6.2623552e-09
9.1665735e-06
1.1924376e-07
1.9490582e-08
9.0698909e-06
1.2521937e-07
3.6824118e-08
8.9858453e-06
1.157867e-07
4.7919687e-08
8.9066844e-06
1.1187137e-07
5.4485467e-08
8.8312345e-06
1.086939e-07
5.8611707e-08
8.7603164e-06
1.0404853e-07
6.1143002e-08
8.693918e-06
9.8820763e-08
6.2359632e-08
8.6315992e-06
9.3703283e-08
6.2535793e-08
8.5729809e-06
8.880848e-08
6.1967427e-08
8.5178124e-06
8.4075601e-08
6.0898471e-08
8.4659626e-06
7.9406964e-08
5.9532577e-08
8.417483e-06
7.4599029e-08
5.810755e-08
8.3726617e-06
6.9264658e-08
5.7061914e-08
8.3300816e-06
6.443949e-08
5.7644881e-08
8.2891004e-06
5.9113699e-08
6.0432213e-08
8.2491056e-06
5.3552746e-08
6.5036264e-08
8.2097212e-06
4.7933774e-08
7.0703623e-08
8.1709195e-06
4.2387999e-08
7.6547261e-08
8.1328733e-06
3.7093079e-08
8.1827139e-08
8.0957584e-06
3.2157665e-08
8.622319e-08
8.0596759e-06
2.762877e-08
8.9689741e-08
8.0246615e-06
2.3530034e-08
9.2248009e-08
7.9907026e-06
1.9879624e-08
9.3902584e-08
7.9577522e-06
1.6695054e-08
9.4615753e-08
7.925745e-06
1.4001902e-08
9.4281364e-08
7.8946352e-06
1.1836284e-08
9.2683327e-08
7.8645009e-06
1.022469e-08
8.9431289e-08
7.8358972e-06
9.0709187e-09
8.3819333e-08
7.8107689e-06
7.8182225e-09
7.4660398e-08
5.2428449e-09
6.0505755e-08
9.4056772e-06
-4.0864494e-12
2.0114253e-08
9.5608224e-06
-8.7606365e-12
3.8179494e-08
9.7103083e-06
-1.6204592e-11
5.0046908e-08
9.8573786e-06
-2.8858766e-11
5.7486329e-08
1.0002331e-05
-5.0581966e-11
6.2615523e-08
1.0143047e-05
-8.782223e-11
6.626595e-08
1.0278363e-05
-1.5134663e-10
6.8698099e-08
1.0408092e-05
-2.5881331e-10
7.0160187e-08
1.0532359e-05
-4.3852306e-10
7.0911178e-08
1.065135e-05
-7.3400179e-10
7.1141313e-08
1.0765268e-05
-1.2069972e-09
7.0955432e-08
1.0874272e-05
-1.9279168e-09
7.0355576e-08
1.0978352e-05
-2.9033718e-09
6.9122931e-08
1.1078748e-05
-3.9376758e-09
6.670395e-08
1.1175616e-05
-5.0848141e-09
6.3281999e-08
1.1269308e-05
-6.5092823e-09
5.9269835e-08
1.1360079e-05
-8.1847369e-09
5.5077018e-08
1.1448012e-05
-1.0065375e-08
5.1120219e-08
1.1533144e-05
-1.2075267e-08
4.7647345e-08
1.1615526e-05
-1.4111902e-08
4.4683201e-08
1.1695198e-05
-1.6083157e-08
4.2173699e-08
1.1772188e-05
-1.7906993e-08
4.0040048e-08
1.1846507e-05
-1.9502721e-08
3.8181801e-08
1.1918154e-05
-2.0788859e-08
3.6467502e-08
1.19871e-05
-2.1652081e-08
3.473623e-08
1.2053266e-05
-2.1932262e-08
3.2771552e-08
1.2116473e-05
-2.1440088e-08
3.0323537e-08
1.2176379e-05
-1.9917007e-08
2.6951926e-08
1.2232097e-05
-1.7115468e-08
2.2096438e-08
-1.3167083e-08
1.5595375e-08
9.4056661e-06
-1.1924914e-07
2.0113905e-08
9.5608051e-06
-1.2523072e-07
3.8178675e-08
9.7102793e-06
-1.1580726e-07
5.0045237e-08
9.8573283e-06
-1.1190752e-07
5.7482991e-08
1.0002243e-05
-1.0875655e-07
6.2608907e-08
1.0142892e-05
-1.041563e-07
6.625292e-08
1.0278093e-05
-9.9005378e-08
6.8672628e-08
1.0407626e-05
-9.4018554e-08
7.0110989e-08
1.0531565e-05
-8.9345792e-08
7.081778e-08
1.0650027e-05
-8.4991669e-08
7.0968944e-08
1.0763138e-05
-8.0975572e-08
7.0653479e-08
1.0871035e-05
-7.731257e-08
6.9883291e-08
1.0973921e-05
-7.3982694e-08
6.8586874e-08
1.107225e-05
-7.0915126e-08
6.6618807e-08
1.1166421e-05
-6.8060647e-08
6.3943821e-08
1.1256691e-05
-6.5469097e-08
6.0668467e-08
1.1343277e-05
-6.3144533e-08
5.6965153e-08
1.1426335e-05
-6.106692e-08
5.3027402e-08
1.1505985e-05
-5.9207835e-08
4.9017383e-08
1.1582361e-05
-5.7528762e-08
4.5039223e-08
1.1655625e-05
-5.599164e-08
4.1142257e-08
1.1725942e-05
-5.4544936e-08
3.7357743e-08
1.1793477e-05
-5.3127281e-08
3.3694512e-08
1.1858469e-05
-5.16758e-08
3.0070955e-08
1.1921187e-05
-5.0118201e-08
2.6446585e-08
1.198188e-05
-4.8296627e-08
2.2790538e-08
1.2040866e-05
-4.5986639e-08
1.8924926e-08
1.2098293e-05
-4.2775018e-08
1.4758767e-08
1.2153389e-05
-3.7490667e-08
1.0197497e-08
-2.7681916e-08
5.4201122e-09
9.1665429e-06
1.9489846e-08
9.0698491e-06
3.6822379e-08
8.9857832e-06
4.7916137e-08
8.9065868e-06
5.4478387e-08
8.8310756e-06
5.8597655e-08
8.7600527e-06
6.1115134e-08
8.693476e-06
6.2304476e-08
8.6308561e-06
6.2426914e-08
8.5717324e-06
6.1752938e-08
8.5157211e-06
6.0476362e-08
8.462473e-06
5.8700651e-08
8.4116825e-06
5.6457977e-08
8.3631329e-06
5.3723928e-08
8.3167525e-06
5.0441509e-08
8.2725646e-06
4.6592865e-08
8.2305269e-06
4.226672e-08
8.1905433e-06
3.7620965e-08
8.1524774e-06
3.2828641e-08
8.1161671e-06
2.8040181e-08
8.0814586e-06
2.3349387e-08
8.0482785e-06
1.8741259e-08
8.0165603e-06
1.4261983e-08
7.9862147e-06
9.9856917e-09
7.9572599e-06
5.8474084e-09
7.9298796e-06
1.7214928e-09
7.9041555e-06
-2.1340619e-09
7.8803624e-06
-5.7194058e-09
7.8594055e-06
-9.2407376e-09
7.8432867e-06
-1.2416427e-08
-1.4683018e-08
9.1607066e-06
1.1939431e-07
8.3588699e-09
9.0556856e-06
1.255987e-07
1.6246426e-08
8.9652973e-06
1.1627214e-07
2.2035813e-08
8.8815819e-06
1.1238406e-07
2.5816818e-08
8.8027463e-06
1.0920608e-07
2.8241153e-08
8.7296075e-06
1.0452005e-07
2.9761746e-08
8.6621839e-06
9.9205358e-08
3.0577901e-08
8.5999281e-06
9.3963007e-08
3.0828613e-08
8.5423338e-06
8.890158e-08
3.0660037e-08
8.4890934e-06
8.3929328e-08
3.0209609e-08
8.4401612e-06
7.8854433e-08
2.9610275e-08
8.3959919e-06
7.3221316e-08
2.905568e-08
8.3578475e-06
6.6148446e-08
2.9060381e-08
8.321433e-06
6.2127836e-08
3.2006495e-08
8.2860929e-06
5.7996248e-08
3.7915258e-08
8.2509882e-06
5.4514779e-08
4.5817997e-08
8.2155455e-06
5.1686787e-08
5.4686743e-08
8.180373e-06
4.8942827e-08
6.3017331e-08
8.1459929e-06
4.636211e-08
7.0082874e-08
8.1126229e-06
4.3946146e-08
7.587363e-08
8.0802995e-06
4.1695556e-08
8.0529299e-08
8.0489515e-06
3.9641748e-08
8.4150093e-08
8.0184122e-06
3.7833585e-08
8.6788633e-08
7.988415e-06
3.6326967e-08
8.8451727e-08
7.9585803e-06
3.5198873e-08
8.9069509e-08
7.9284032e-06
3.4567514e-08
8.8432793e-08
7.8971627e-06
3.4723731e-08
8.6076647e-08
7.8642e-06
3.5829882e-08
8.107048e-08
7.8296373e-06
3.7862032e-08
7.1470049e-08
4.102012e-08
5.3493167e-08
9.3998414e-06
-4.5692548e-12
8.6323997e-09
9.5467397e-06
-9.8882253e-12
1.6889774e-08
9.689977e-06
-1.8551e-11
2.3100335e-08
9.8325044e-06
-3.3604899e-11
2.7376563e-08
9.9740126e-06
-6.0014053e-11
3.0373394e-08
1.0112376e-05
-1.0635105e-10
3.2529427e-08
1.0246439e-05
-1.8743023e-10
3.4027843e-08
1.03759e-05
-3.2832717e-10
3.499019e-08
1.0500745e-05
-5.7061943e-10
3.5538555e-08
1.0621029e-05
-9.7984273e-10
3.576639e-08
1.0736784e-05
-1.6477383e-09
3.5702755e-08
1.084778e-05
-2.6519923e-09
3.5233066e-08
1.0953074e-05
-3.8396613e-09
3.3816477e-08
1.1055914e-05
-4.3671323e-09
3.0361462e-08
1.115563e-05
-4.2900653e-09
2.5857115e-08
1.125252e-05
-4.0500599e-09
2.0953918e-08
1.1346745e-05
-3.7158877e-09
1.6268763e-08
1.1437814e-05
-3.4717055e-09
1.24848e-08
1.1525634e-05
-3.3476062e-09
9.5605934e-09
1.1610211e-05
-3.2772497e-09
7.3570969e-09
1.1691559e-05
-3.216446e-09
5.7679877e-09
1.1769694e-05
-3.1062116e-09
4.6877977e-09
1.1844586e-05
-2.8405518e-09
4.0004041e-09
1.1916182e-05
-2.3470594e-09
3.5845579e-09
1.1984319e-05
-1.4322452e-09
3.2701997e-09
1.2048823e-05
6.0223332e-11
2.8178533e-09
1.2108929e-05
3.091031e-09
1.8931889e-09
1.2163743e-05
7.7676556e-09
2.4497085e-10
1.2212484e-05
1.5123297e-08
-3.8601826e-09
2.5479241e-08
-1.1022529e-08
9.3998298e-06
-1.1940032e-07
8.6321803e-09
9.5467208e-06
-1.2561148e-07
1.6889245e-08
9.6899439e-06
-1.1629567e-07
2.3099248e-08
9.832445e-06
-1.1242614e-07
2.7374362e-08
9.9739053e-06
-1.0928042e-07
3.0369001e-08
1.0112182e-05
-1.0465075e-07
3.252067e-08
1.0246091e-05
-9.9434824e-08
3.4010514e-08
1.0375284e-05
-9.4365987e-08
3.4956296e-08
1.0499669e-05
-8.9611637e-08
3.5473614e-08
1.0619201e-05
-8.5190362e-08
3.564714e-08
1.0733832e-05
-8.1129403e-08
3.5504627e-08
1.0843498e-05
-7.7430929e-08
3.4996298e-08
1.0948287e-05
-7.4005273e-08
3.3963591e-08
1.1049073e-05
-7.0607059e-08
3.2072098e-08
1.1146513e-05
-6.7077056e-08
2.9291226e-08
1.1240895e-05
-6.3615734e-08
2.5852952e-08
1.1332441e-05
-6.0317041e-08
2.2019948e-08
1.1421159e-05
-5.723695e-08
1.8076416e-08
1.1507004e-05
-5.4399879e-08
1.4225588e-08
1.1589977e-05
-5.1770132e-08
1.0560374e-08
1.1670154e-05
-4.9394965e-08
7.146563e-09
1.1747628e-05
-4.7235736e-08
4.0158145e-09
1.1822352e-05
-4.5131631e-08
1.2651069e-09
1.1894636e-05
-4.2891229e-08
-1.6647914e-09
1.1964839e-05
-4.0381723e-08
-4.8025736e-09
1.2032985e-05
-3.7531832e-08
-7.757569e-09
1.2099751e-05
-3.3872745e-08
-1.0872028e-08
1.2165449e-05
-2.8805969e-08
-1.4358483e-08
1.2229935e-05
-2.08458e-08
-1.8311932e-08
-7.6909789e-09
-2.2218708e-08
9.160675e-06
8.3584019e-09
9.0556406e-06
1.624531e-08
8.9652276e-06
2.20335e-08
8.8814677e-06
2.5812155e-08
8.8025531e-06
2.8231796e-08
8.7292746e-06
2.9742915e-08
8.6616042e-06
3.0539971e-08
8.5989132e-06
3.0751979e-08
8.54055e-06
3.0504506e-08
8.4859446e-06
2.9891317e-08
8.4345657e-06
2.8950209e-08
8.3859366e-06
2.7656146e-08
8.3397372e-06
2.5918031e-08
8.2959805e-06
2.3591157e-08
8.2548952e-06
2.0601115e-08
8.2164851e-06
1.7061115e-08
8.1806147e-06
1.3174349e-08
8.1470364e-06
9.1699855e-09
8.1154026e-06
5.2742184e-09
8.0852304e-06
1.751622e-09
8.0564979e-06
-1.9210244e-09
8.0293269e-06
-5.8025096e-09
8.0033832e-06
-9.2019306e-09
7.9786843e-06
-1.2344444e-08
7.9552543e-06
-1.5229705e-08
7.9333098e-06
-1.7720707e-08
7.913524e-06
-1.9805498e-08
7.8971209e-06
-2.1642525e-08
7.8872462e-06
-2.3386304e-08
-2.5395916e-08
9.1579085e-06
1.1941947e-07
1.0499655e-13
9.048487e-06
1.2566786e-07
3.8006223e-14
8.9542127e-06
1.1631012e-07
2.9412149e-14
8.8676863e-06
1.1234317e-07
2.6598637e-14
8.7868508e-06
1.0907664e-07
2.1060777e-14
8.7123172e-06
1.0429522e-07
1.6740821e-14
8.6440183e-06
9.8876832e-08
1.2375242e-14
8.5813231e-06
9.3523762e-08
2.3494678e-14
8.5236526e-06
8.8330552e-08
6.9584938e-15
8.4706996e-06
8.3162583e-08
2.6955115e-14
8.4226148e-06
7.7695021e-08
1.1510405e-14
8.3805908e-06
7.107994e-08
2.8352762e-14
8.3479059e-06
6.1751226e-08
3.9760108e-14
8.3145716e-06
6.552024e-08
1.2211882e-13
8.2813173e-06
7.150331e-08
3.3231098e-13
8.2468582e-06
8.0739433e-08
6.8420258e-13
8.2099529e-06
9.2142398e-08
1.1984749e-12
8.173228e-06
1.0030769e-07
1.7156923e-12
8.1371164e-06
1.0673921e-07
2.2097336e-12
8.1017977e-06
1.1170102e-07
2.6413091e-12
8.0673849e-06
1.1540992e-07
3.0305026e-12
8.0338252e-06
1.1813695e-07
3.3552458e-12
8.0008732e-06
1.2012964e-07
3.6348945e-12
7.9680631e-06
1.2161552e-07
3.8352072e-12
7.9346273e-06
1.2282689e-07
3.9831211e-12
7.8993163e-06
1.2403629e-07
4.0503864e-12
7.8599921e-06
1.2566731e-07
4.010731e-12
7.8128656e-06
1.2844006e-07
3.7824823e-12
7.7509476e-06
1.3361037e-07
3.213151e-12
1.4461614e-07
1.9736003e-12
9.3970174e-06
-4.8941571e-12
1.0023718e-13
9.5395856e-06
-1.0645215e-11
2.8211029e-14
9.6790161e-06
-2.012523e-11
1.9865875e-14
9.8187726e-06
-3.6811886e-11
5.2047692e-15
9.9582891e-06
-6.6429153e-11
-3.0238748e-15
1.0095233e-05
-1.1912518e-10
-1.068948e-14
1.022835e-05
-2.1269712e-10
-2.5582638e-14
1.0357242e-05
-3.7790303e-10
-3.2599889e-14
1.0481778e-05
-6.6659312e-10
-4.4333168e-14
1.0601867e-05
-1.160314e-09
-5.0557706e-14
1.0717227e-05
-1.9623976e-09
-6.7888632e-14
1.0826607e-05
-3.0665833e-09
-8.3588957e-14
1.0926202e-05
-4.0266466e-09
-1.2536955e-13
1.1023615e-05
-1.5266757e-09
-2.2480644e-13
1.1116237e-05
4.7516901e-09
-3.901588e-13
1.1204814e-05
1.3142061e-08
-6.2060956e-13
1.1290427e-05
2.2837976e-08
-8.8042745e-13
1.1370923e-05
3.2350352e-08
-1.0968851e-12
1.1446542e-05
4.0749341e-08
-1.2713605e-12
1.15175e-05
4.8180391e-08
-1.4116676e-12
1.1584004e-05
5.4764886e-08
-1.5078525e-12
1.1646298e-05
6.0629464e-08
-1.5815251e-12
1.1704591e-05
6.5944227e-08
-1.6283493e-12
1.1758879e-05
7.102339e-08
-1.666394e-12
1.1808914e-05
7.6177512e-08
-1.6912786e-12
1.1854189e-05
8.1698162e-08
-1.7334968e-12
1.1893506e-05
8.8364843e-08
-1.7890682e-12
1.192477e-05
9.7543013e-08
-1.9292334e-12
1.1943448e-05
1.1119571e-07
-2.1999469e-12
1.327728e-07
-2.6824554e-12
9.3970054e-06
-1.194259e-07
9.988043e-14
9.5395655e-06
-1.2568162e-07
3.0808999e-14
9.6789803e-06
-1.1633566e-07
2.0501747e-14
9.8187071e-06
-1.1238926e-07
8.7578652e-15
9.9581686e-06
-1.0915898e-07
-5.5541321e-15
1.0095012e-05
-1.0444184e-07
-1.4271071e-14
1.0227948e-05
-9.9138141e-08
-2.451857e-14
1.0356518e-05
-9.399115e-08
-3.6706344e-14
1.0480498e-05
-8.9173707e-08
-4.5038729e-14
1.0599694e-05
-8.4708803e-08
-5.6433861e-14
1.0713851e-05
-8.0614676e-08
-7.7416768e-14
1.082262e-05
-7.6838993e-08
-9.2369746e-14
1.0925674e-05
-7.3117385e-08
-1.2730942e-13
1.1024868e-05
-6.8648136e-08
-1.8531818e-13
1.1121719e-05
-6.280777e-08
-2.8009342e-13
1.1216872e-05
-5.6156454e-08
-4.1617799e-13
1.1310863e-05
-4.913089e-08
-5.8074963e-13
1.14035e-05
-4.2206195e-08
-7.6050745e-13
1.1494327e-05
-3.5846782e-08
-9.4908345e-13
1.1583136e-05
-3.0062101e-08
-1.1339606e-12
1.1669723e-05
-2.4665691e-08
-1.3088984e-12
1.1753953e-05
-1.9573847e-08
-1.4640137e-12
1.1835964e-05
-1.4787756e-08
-1.6185679e-12
1.1915576e-05
-1.0236301e-08
-1.7940192e-12
1.1992533e-05
-5.5638808e-09
-1.9211261e-12
1.2066433e-05
6.2302994e-11
-2.1358406e-12
1.2136543e-05
7.4069702e-09
-2.2937526e-12
1.2202615e-05
1.7138776e-08
-2.4745599e-12
1.2264747e-05
3.0781316e-08
-2.6807124e-12
5.0327978e-08
-2.9081963e-12
9.1578763e-06
1.0062045e-13
9.0484399e-06
4.0001832e-14
8.9541378e-06
3.4533573e-14
8.8675606e-06
2.7313382e-14
8.7866334e-06
2.4075756e-14
8.7119344e-06
1.9789668e-14
8.6433362e-06
1.6086301e-14
8.580097e-06
1.0161466e-14
8.5214278e-06
4.2264773e-15
8.4666104e-06
7.8196157e-16
8.4149459e-06
-9.9952924e-15
8.3657631e-06
-2.2294625e-14
8.3185638e-06
-5.1317373e-14
8.2735069e-06
-1.0058341e-13
8.2313005e-06
-1.8405615e-13
8.1922055e-06
-3.0547359e-13
8.1562495e-06
-4.5189842e-13
8.123214e-06
-6.3360321e-13
8.0926425e-06
-8.1836713e-13
8.0643334e-06
-1.0075886e-12
8.0377484e-06
-1.2002297e-12
8.0123742e-06
-1.3610307e-12
7.9883871e-06
-1.5226008e-12
7.9658094e-06
-1.6726263e-12
7.9450194e-06
-1.7669246e-12
7.9273648e-06
-1.7550857e-12
7.9149709e-06
-1.8483074e-12
7.9104725e-06
-2.0102187e-12
7.9178737e-06
-2.1758346e-12
-2.3218462e-12
9.1579085e-06
1.1941947e-07
-8.358676e-09
9.048487e-06
1.2566785e-07
-1.6246351e-08
8.9542127e-06
1.1631012e-07
-2.2035761e-08
8.8676863e-06
1.1234315e-07
-2.5816774e-08
8.7868508e-06
1.0907665e-07
-2.824112e-08
8.7123173e-06
1.0429523e-07
-2.9761713e-08
8.6440183e-06
9.8876845e-08
-3.0577876e-08
8.5813231e-06
9.3523757e-08
-3.0828587e-08
8.5236526e-06
8.8330565e-08
-3.0660019e-08
8.4706996e-06
8.3162582e-08
-3.0209578e-08
8.4226149e-06
7.769503e-08
-2.9610257e-08
8.3805909e-06
7.1079898e-08
-2.9055651e-08
8.3479062e-06
6.1751132e-08
-2.9060361e-08
8.3145721e-06
6.5520346e-08
-3.2006567e-08
8.281318e-06
7.1503932e-08
-3.7915398e-08
8.246859e-06
8.0740868e-08
-4.5818148e-08
8.2099536e-06
9.2144912e-08
-5.4686789e-08
8.1732286e-06
1.0031106e-07
-6.3017174e-08
8.1371169e-06
1.0674332e-07
-7.0082449e-08
8.101798e-06
1.1170578e-07
-7.5872914e-08
8.067385e-06
1.1541521e-07
-8.0528313e-08
8.0338251e-06
1.1814269e-07
-8.4148858e-08
8.0008728e-06
1.2013573e-07
-8.6787185e-08
7.9680623e-06
1.2162191e-07
-8.8450111e-08
7.9346261e-06
1.2283352e-07
-8.906776e-08
7.8993147e-06
1.2404311e-07
-8.8430964e-08
7.8599896e-06
1.2567432e-07
-8.6074796e-08
7.8128616e-06
1.2844725e-07
-8.1068689e-08
7.750941e-06
1.3361788e-07
-7.1468418e-08
1.4462446e-07
-5.3491717e-08
9.3970174e-06
-4.8908968e-12
-8.6322119e-09
9.5395856e-06
-1.0645178e-11
-1.6889711e-08
9.6790162e-06
-2.0125248e-11
-2.3100297e-08
9.8187727e-06
-3.6802533e-11
-2.7376541e-08
9.9582891e-06
-6.6422152e-11
-3.0373404e-08
1.0095233e-05
-1.1913247e-10
-3.252945e-08
1.022835e-05
-2.1269164e-10
-3.4027884e-08
1.0357242e-05
-3.7791595e-10
-3.4990256e-08
1.0481778e-05
-6.6658893e-10
-3.5538635e-08
1.0601867e-05
-1.1603314e-09
-3.5766489e-08
1.0717227e-05
-1.9623954e-09
-3.5702866e-08
1.0826607e-05
-3.0666005e-09
-3.5233184e-08
1.0926202e-05
-4.0266433e-09
-3.3816588e-08
1.1023614e-05
-1.5265725e-09
-3.0361511e-08
1.1116236e-05
4.752108e-09
-2.5857135e-08
1.1204812e-05
1.3142985e-08
-2.095397e-08
1.1290424e-05
2.2839563e-08
-1.6268906e-08
1.137092e-05
3.2352673e-08
-1.2485074e-08
1.1446537e-05
4.0752327e-08
-9.5609924e-09
1.1517494e-05
4.8183998e-08
-7.3576134e-09
1.1583997e-05
5.4769048e-08
-5.7686196e-09
1.164629e-05
6.0634146e-08
-4.6885201e-09
1.1704581e-05
6.5949376e-08
-4.0012159e-09
1.1758868e-05
7.102893e-08
-3.5854512e-09
1.1808901e-05
7.6183457e-08
-3.2711843e-09
1.1854174e-05
8.1704385e-08
-2.8189004e-09
1.1893489e-05
8.8371475e-08
-1.8942931e-09
1.1924751e-05
9.7550153e-08
-2.4630318e-10
1.1943425e-05
1.1120352e-07
3.8585565e-09
1.3278161e-07
1.1020879e-08
9.3970054e-06
-1.194259e-07
-8.6319926e-09
9.5395656e-06
-1.2568161e-07
-1.6889184e-08
9.6789803e-06
-1.1633566e-07
-2.3099213e-08
9.8187071e-06
-1.1238927e-07
-2.737435e-08
9.9581687e-06
-1.0915899e-07
-3.0369014e-08
1.0095012e-05
-1.0444185e-07
-3.2520701e-08
1.0227948e-05
-9.9138139e-08
-3.4010559e-08
1.0356518e-05
-9.3991155e-08
-3.4956359e-08
1.0480498e-05
-8.9173713e-08
-3.5473698e-08
1.0599694e-05
-8.4708812e-08
-3.5647245e-08
1.0713851e-05
-8.0614682e-08
-3.5504747e-08
1.082262e-05
-7.6839006e-08
-3.499644e-08
1.0925674e-05
-7.311739e-08
-3.396375e-08
1.1024868e-05
-6.86481e-08
-3.2072255e-08
1.1121719e-05
-6.2807621e-08
-2.9291377e-08
1.1216872e-05
-5.6156121e-08
-2.585312e-08
1.1310863e-05
-4.9130284e-08
-2.2020154e-08
1.1403499e-05
-4.2205287e-08
-1.8076686e-08
1.1494326e-05
-3.5845573e-08
-1.4225943e-08
1.1583137e-05
-3.0060612e-08
-1.0560823e-08
1.1669723e-05
-2.4663966e-08
-7.1471203e-09
1.1753954e-05
-1.9571858e-08
-4.0164809e-09
1.1835966e-05
-1.478551e-08
-1.2658197e-09
1.1915578e-05
-1.0233726e-08
1.6635508e-09
1.1992536e-05
-5.5610001e-09
4.8014838e-09
1.2066435e-05
6.5200175e-11
7.7564428e-09
1.2136545e-05
7.4108814e-09
1.087076e-08
1.2202616e-05
1.714302e-08
1.4357096e-08
1.2264747e-05
3.0785934e-08
1.8310416e-08
5.0333054e-08
2.2217059e-08
9.1578763e-06
-8.3582114e-09
9.04844e-06
-1.624524e-08
8.9541378e-06
-2.2033448e-08
8.8675606e-06
-2.5812111e-08
8.7866334e-06
-2.823176e-08
8.7119345e-06
-2.974289e-08
8.6433363e-06
-3.0539953e-08
8.5800971e-06
-3.0751961e-08
8.5214278e-06
-3.0504494e-08
8.4666104e-06
-2.9891314e-08
8.4149459e-06
-2.8950214e-08
8.365763e-06
-2.765616e-08
8.3185636e-06
-2.5918062e-08
8.2735066e-06
-2.3591199e-08
8.2313e-06
-2.0601176e-08
8.1922049e-06
-1.7061213e-08
8.1562487e-06
-1.317451e-08
8.1232131e-06
-9.1702337e-09
8.0926416e-06
-5.2745744e-09
8.0643324e-06
-1.7520735e-09
8.0377476e-06
1.9201856e-09
8.0123734e-06
5.8017258e-09
7.9883864e-06
9.2010627e-09
7.9658089e-06
1.2343471e-08
7.9450193e-06
1.5228575e-08
7.9273656e-06
1.7719319e-08
7.9149734e-06
1.9803978e-08
7.9104768e-06
2.1640952e-08
7.9178799e-06
2.3384716e-08
2.5394376e-08
9.1607066e-06
1.193943e-07
-1.9490428e-08
9.0556856e-06
1.2559869e-07
-3.6824065e-08
8.9652973e-06
1.1627214e-07
-4.7919639e-08
8.8815819e-06
1.1238406e-07
-5.4485436e-08
8.8027464e-06
1.0920609e-07
-5.8611683e-08
8.7296076e-06
1.0452005e-07
-6.1142985e-08
8.6621839e-06
9.9205377e-08
-6.2359615e-08
8.5999281e-06
9.3963019e-08
-6.2535793e-08
8.5423339e-06
8.8901613e-08
-6.196742e-08
8.4890935e-06
8.3929351e-08
-6.089848e-08
8.4401613e-06
7.8854472e-08
-5.9532577e-08
8.395992e-06
7.3221338e-08
-5.8107575e-08
8.3578477e-06
6.6148425e-08
-5.7061941e-08
8.3214334e-06
6.2127588e-08
-5.7644948e-08
8.2860935e-06
5.7996009e-08
-6.0432379e-08
8.2509889e-06
5.4514822e-08
-6.50366e-08
8.2155462e-06
5.1687384e-08
-7.0704228e-08
8.1803736e-06
4.8943926e-08
-7.6548137e-08
8.1459935e-06
4.6363781e-08
-8.1828278e-08
8.1126234e-06
4.3948356e-08
-8.6224559e-08
8.0802998e-06
4.1698262e-08
-8.9691311e-08
8.0489516e-06
3.9644912e-08
-9.2249749e-08
8.0184121e-06
3.7837124e-08
-9.3904477e-08
7.9884147e-06
3.6330867e-08
-9.4617755e-08
7.9585796e-06
3.5203079e-08
-9.428347e-08
7.928402e-06
3.4572051e-08
-9.2685514e-08
7.8971608e-06
3.4728594e-08
-8.9433517e-08
7.8641968e-06
3.5835102e-08
-8.3821505e-08
7.829632e-06
3.7867809e-08
-7.4662351e-08
4.1026987e-08
-6.0507155e-08
9.3998415e-06
-4.5681881e-12
-2.0114094e-08
9.5467398e-06
-9.8880968e-12
-3.8179442e-08
9.689977e-06
-1.8549786e-11
-5.004688e-08
9.8325045e-06
-3.3600893e-11
-5.7486321e-08
9.9740127e-06
-6.0008567e-11
-6.2615525e-08
1.0112376e-05
-1.0635209e-10
-6.6265974e-08
1.0246439e-05
-1.8742066e-10
-6.8698136e-08
1.03759e-05
-3.2832634e-10
-7.0160245e-08
1.0500745e-05
-5.706125e-10
-7.0911251e-08
1.0621029e-05
-9.7985454e-10
-7.1141403e-08
1.0736784e-05
-1.6477351e-09
-7.0955525e-08
1.084778e-05
-2.6520074e-09
-7.0355678e-08
1.0953074e-05
-3.8396982e-09
-6.9123022e-08
1.1055914e-05
-4.3672024e-09
-6.6704008e-08
1.115563e-05
-4.2901394e-09
-6.3281954e-08
1.1252519e-05
-4.0499773e-09
-5.9269638e-08
1.1346744e-05
-3.7155026e-09
-5.5076644e-08
1.1437812e-05
-3.4709461e-09
-5.1119674e-08
1.1525632e-05
-3.3464387e-09
-4.7646658e-08
1.1610208e-05
-3.2756276e-09
-4.4682394e-08
1.1691556e-05
-3.2143681e-09
-4.2172798e-08
1.1769689e-05
-3.1036991e-09
-4.0039071e-08
1.184458e-05
-2.8376135e-09
-3.8180769e-08
1.1916174e-05
-2.3436849e-09
-3.6466434e-08
1.1984311e-05
-1.4286167e-09
-3.4735135e-08
1.2048812e-05
6.437342e-11
-3.2770475e-08
1.2108916e-05
3.0958064e-09
-3.0322487e-08
1.2163728e-05
7.7728237e-09
-2.6950858e-08
1.2212466e-05
1.5129082e-08
-2.2095298e-08
2.548583e-08
-1.5594027e-08
9.3998298e-06
-1.1940032e-07
-2.0113754e-08
9.5467208e-06
-1.2561148e-07
-3.817863e-08
9.6899439e-06
-1.1629567e-07
-5.0045208e-08
9.8324451e-06
-1.1242614e-07
-5.7482984e-08
9.9739054e-06
-1.0928042e-07
-6.260891e-08
1.0112182e-05
-1.0465075e-07
-6.6252944e-08
1.0246092e-05
-9.9434823e-08
-6.8672671e-08
1.0375284e-05
-9.4366e-08
-7.0111051e-08
1.0499669e-05
-8.961165e-08
-7.0817855e-08
1.0619201e-05
-8.5190385e-08
-7.0969023e-08
1.0733832e-05
-8.1129423e-08
-7.0653578e-08
1.0843498e-05
-7.7430959e-08
-6.9883398e-08
1.0948287e-05
-7.4005309e-08
-6.8586973e-08
1.1049073e-05
-7.0607105e-08
-6.6618901e-08
1.1146513e-05
-6.7077098e-08
-6.394388e-08
1.1240894e-05
-6.3615714e-08
-6.0668473e-08
1.1332441e-05
-6.0316914e-08
-5.6965075e-08
1.1421158e-05
-5.7236655e-08
-5.3027242e-08
1.1507004e-05
-5.4399418e-08
-4.9017117e-08
1.1589977e-05
-5.176948e-08
-4.5038859e-08
1.1670154e-05
-4.9394089e-08
-4.1141793e-08
1.1747628e-05
-4.7234708e-08
-3.7357177e-08
1.1822353e-05
-4.513045e-08
-3.3693868e-08
1.1894637e-05
-4.2889953e-08
-3.0070271e-08
1.196484e-05
-4.0380242e-08
-2.6445808e-08
1.2032986e-05
-3.753009e-08
-2.278965e-08
1.2099754e-05
-3.3870763e-08
-1.8923933e-08
1.2165452e-05
-2.8803768e-08
-1.47577e-08
1.2229939e-05
-2.084326e-08
-1.0196316e-08
-7.6881221e-09
-5.4187526e-09
9.1606751e-06
-1.9489689e-08
9.0556407e-06
-3.6822324e-08
8.9652276e-06
-4.7916091e-08
8.8814677e-06
-5.4478354e-08
8.8025531e-06
-5.8597631e-08
8.7292746e-06
-6.1115116e-08
8.6616043e-06
-6.2304463e-08
8.5989132e-06
-6.2426907e-08
8.54055e-06
-6.1752929e-08
8.4859447e-06
-6.0476356e-08
8.4345657e-06
-5.8700648e-08
8.3859366e-06
-5.6457982e-08
8.3397371e-06
-5.3723941e-08
8.2959803e-06
-5.0441517e-08
8.2548949e-06
-4.6592866e-08
8.2164847e-06
-4.2266693e-08
8.1806142e-06
-3.7620908e-08
8.1470359e-06
-3.2828557e-08
8.1154021e-06
-2.8040056e-08
8.0852299e-06
-2.3349231e-08
8.0564972e-06
-1.8741087e-08
8.0293262e-06
-1.4261745e-08
8.0033826e-06
-9.9854091e-09
7.9786837e-06
-5.8470825e-09
7.9552537e-06
-1.7210887e-09
7.9333092e-06
2.1344152e-09
7.9135235e-06
5.7197911e-09
7.8971206e-06
9.2411569e-09
7.8872464e-06
1.241691e-08
1.4683592e-08
9.1665735e-06
1.1924375e-07
-3.6338534e-08
9.069891e-06
1.2521938e-07
-6.5360928e-08
8.9858454e-06
1.1578669e-07
-7.9660746e-08
8.9066845e-06
1.1187137e-07
-8.7195913e-08
8.8312346e-06
1.0869392e-07
-9.1855683e-08
8.7603165e-06
1.0404853e-07
-9.4273507e-08
8.6939181e-06
9.8820768e-08
-9.4781923e-08
8.6315993e-06
9.3703299e-08
-9.3920353e-08
8.572981e-06
8.880849e-08
-9.215758e-08
8.5178125e-06
8.4075629e-08
-8.9805585e-08
8.4659627e-06
7.9406994e-08
-8.7089797e-08
8.4174831e-06
7.4599077e-08
-8.422702e-08
8.3726618e-06
6.9264683e-08
-8.150441e-08
8.3300818e-06
6.4439348e-08
-7.9478521e-08
8.2891008e-06
5.9113446e-08
-7.8517176e-08
8.2491062e-06
5.3552452e-08
-7.8528965e-08
8.2097219e-06
4.7933516e-08
-7.9176141e-08
8.1709202e-06
4.238773e-08
-8.0051527e-08
8.132874e-06
3.709285e-08
-8.0792142e-08
8.095759e-06
3.2157477e-08
-8.1187351e-08
8.0596764e-06
2.7628632e-08
-8.1162347e-08
8.0246619e-06
2.3529934e-08
-8.0695317e-08
7.9907028e-06
1.987956e-08
-7.9760318e-08
7.9577522e-06
1.6695017e-08
-7.8302496e-08
7.9257448e-06
1.4001912e-08
-7.6222838e-08
7.8946346e-06
1.1836346e-08
-7.3360822e-08
7.8644999e-06
1.0224841e-08
-6.9476678e-08
7.8358955e-06
9.0712309e-09
-6.4244911e-08
7.8107661e-06
7.8188318e-09
-5.7311631e-08
5.2439536e-09
-4.8825346e-08
9.4056773e-06
-4.0975102e-12
-3.7582829e-08
9.5608225e-06
-8.7674504e-12
-6.8096473e-08
9.7103084e-06
-1.6202279e-11
-8.3729939e-08
9.8573787e-06
-2.8869051e-11
-9.2656358e-08
1.0002331e-05
-5.0590386e-11
-9.8823529e-08
1.0143047e-05
-8.7829898e-11
-1.0284538e-07
1.0278363e-05
-1.5135085e-10
-1.0504234e-07
1.0408092e-05
-2.5882012e-10
-1.0592727e-07
1.053236e-05
-4.3852981e-10
-1.0593139e-07
1.065135e-05
-7.3400313e-10
-1.0532216e-07
1.0765268e-05
-1.2070137e-09
-1.0425961e-07
1.0874272e-05
-1.9279376e-09
-1.0283302e-07
1.0978352e-05
-2.903428e-09
-1.0103463e-07
1.1078748e-05
-3.9377649e-09
-9.8721829e-08
1.1175617e-05
-5.084964e-09
-9.5950607e-08
1.1269308e-05
-6.5094375e-09
-9.2895585e-08
1.1360079e-05
-8.1848471e-09
-8.9725484e-08
1.1448012e-05
-1.0065457e-08
-8.6592685e-08
1.1533145e-05
-1.2075285e-08
-8.3603537e-08
1.1615526e-05
-1.4111875e-08
-8.0785659e-08
1.1695198e-05
-1.6083075e-08
-7.8123437e-08
1.1772188e-05
-1.7906872e-08
-7.5581302e-08
1.1846507e-05
-1.9502549e-08
-7.3105118e-08
1.1918154e-05
-2.0788645e-08
-7.061753e-08
1.1987099e-05
-2.165181e-08
-6.8014301e-08
1.2053266e-05
-2.1931908e-08
-6.5155118e-08
1.2116472e-05
-2.1439601e-08
-6.1850943e-08
1.2176377e-05
-1.9916312e-08
-5.7854062e-08
1.2232095e-05
-1.7114464e-08
-5.28658e-08
-1.3165663e-08
-4.6912191e-08
9.4056661e-06
-1.1924914e-07
-3.7582516e-08
9.5608051e-06
-1.2523071e-07
-6.8095721e-08
9.7102794e-06
-1.1580727e-07
-8.3728407e-08
9.8573284e-06
-1.1190753e-07
-9.2653323e-08
1.0002243e-05
-1.0875656e-07
-9.8817545e-08
1.0142892e-05
-1.0415631e-07
-1.0283368e-07
1.0278093e-05
-9.9005399e-08
-1.0501967e-07
1.0407626e-05
-9.4018571e-08
-1.0588394e-07
1.0531565e-05
-8.9345815e-08
-1.0584999e-07
1.0650027e-05
-8.4991696e-08
-1.051729e-07
1.0763138e-05
-8.0975598e-08
-1.0399593e-07
1.0871035e-05
-7.7312603e-08
-1.0239585e-07
1.0973921e-05
-7.398275e-08
-1.0039403e-07
1.107225e-05
-7.091519e-08
-9.7970267e-08
1.1166421e-05
-6.8060739e-08
-9.513881e-08
1.125669e-05
-6.5469189e-08
-9.1978069e-08
1.1343277e-05
-6.3144601e-08
-8.8591915e-08
1.1426334e-05
-6.106696e-08
-8.5082824e-08
1.1505985e-05
-5.9207829e-08
-8.1534307e-08
1.1582361e-05
-5.7528721e-08
-7.7997914e-08
1.1655625e-05
-5.5991561e-08
-7.4496351e-08
1.1725941e-05
-5.4544829e-08
-7.1034963e-08
1.1793477e-05
-5.3127148e-08
-6.7603937e-08
1.1858468e-05
-5.167564e-08
-6.4173182e-08
1.1921187e-05
-5.0118013e-08
-6.0696359e-08
1.198188e-05
-4.8296355e-08
-5.711733e-08
1.2040866e-05
-4.5986282e-08
-5.3360843e-08
1.2098293e-05
-4.2774543e-08
-4.9325333e-08
1.215339e-05
-3.7490014e-08
-4.491463e-08
-2.768103e-08
-4.0187378e-08
9.1665429e-06
-3.6337865e-08
9.0698492e-06
-6.5359306e-08
8.9857833e-06
-7.965747e-08
8.9065868e-06
-8.7189459e-08
8.8310756e-06
-9.1842978e-08
8.7600528e-06
-9.4248548e-08
8.693476e-06
-9.4733138e-08
8.6308562e-06
-9.3825617e-08
8.5717325e-06
-9.1975048e-08
8.5157211e-06
-8.9456706e-08
8.462473e-06
-8.6428124e-08
8.4116824e-06
-8.2980039e-08
8.3631328e-06
-7.9157018e-08
8.3167524e-06
-7.49763e-08
8.2725643e-06
-7.0465552e-08
8.2305265e-06
-6.5698112e-08
8.1905428e-06
-6.0781805e-08
8.1524769e-06
-5.5829592e-08
8.1161665e-06
-5.0937398e-08
8.081458e-06
-4.616947e-08
8.0482779e-06
-4.155246e-08
8.0165597e-06
-3.7088266e-08
7.986214e-06
-3.2766806e-08
7.9572592e-06
-2.8567802e-08
7.929879e-06
-2.4458683e-08
7.9041549e-06
-2.0437687e-08
7.8803619e-06
-1.6473179e-08
7.8594052e-06
-1.2576343e-08
7.8432868e-06
-8.9543807e-09
-6.2615342e-09
9.1961217e-06
1.1942097e-07
-8.2912047e-08
9.1094319e-06
1.256453e-07
-1.0431637e-07
9.0231438e-06
1.1674663e-07
-1.1011926e-07
8.9359026e-06
1.1321705e-07
-1.1317187e-07
8.8480621e-06
1.1028094e-07
-1.1429608e-07
8.7611691e-06
1.0583808e-07
-1.132186e-07
8.676125e-06
1.0077716e-07
-1.1051495e-07
8.5932961e-06
9.5771024e-08
-1.0686252e-07
8.5128782e-06
9.0948549e-08
-1.0268827e-07
8.4350208e-06
8.6284315e-08
-9.823256e-08
8.3598463e-06
8.1744103e-08
-9.3659324e-08
8.287472e-06
7.7255898e-08
-8.9108667e-08
8.2180172e-06
7.267739e-08
-8.4726641e-08
8.1510561e-06
6.8215244e-08
-8.0724778e-08
8.0862506e-06
6.3564997e-08
-7.7262031e-08
8.0232729e-06
5.880631e-08
-7.4337612e-08
7.9619253e-06
5.403751e-08
-7.1842467e-08
7.9021644e-06
4.9362724e-08
-6.9627862e-08
7.8440674e-06
4.4881922e-08
-6.755152e-08
7.7877549e-06
4.0661214e-08
-6.5511294e-08
7.7333342e-06
3.6732328e-08
-6.3450574e-08
7.6808892e-06
3.3109058e-08
-6.1337443e-08
7.6304915e-06
2.9799474e-08
-5.9141862e-08
7.5822176e-06
2.6811404e-08
-5.6821359e-08
7.5361691e-06
2.4154189e-08
-5.4311301e-08
7.4925039e-06
2.1834232e-08
-5.1513876e-08
7.4514954e-06
1.9830586e-08
-4.8284125e-08
7.4136803e-06
1.7992278e-08
-4.4408521e-08
7.3803097e-06
1.562219e-08
-3.9550683e-08
1.1140869e-08
-3.3969935e-08
9.4357664e-06
-3.6221417e-12
-8.4963851e-08
9.600474e-06
-7.6763534e-12
-1.0715114e-07
9.7473548e-06
-1.3962094e-11
-1.1385016e-07
9.8862004e-06
-2.4405154e-11
-1.1826049e-07
1.0018611e-05
-4.187188e-11
-1.2091138e-07
1.014313e-05
-7.1019164e-11
-1.2145508e-07
1.0259454e-05
-1.192999e-10
-1.2046981e-07
1.0368093e-05
-1.9841236e-10
-1.1859726e-07
1.046965e-05
-3.2623778e-10
-1.1621386e-07
1.0564658e-05
-5.291514e-10
-1.1351623e-07
1.065361e-05
-8.4361445e-10
-1.106235e-07
1.073696e-05
-1.3135797e-09
-1.0761363e-07
1.0815095e-05
-1.9708339e-09
-1.0452214e-07
1.0888708e-05
-2.7846628e-09
-1.0133469e-07
1.0958181e-05
-3.7846563e-09
-9.8073584e-08
1.102389e-05
-5.0029265e-09
-9.4793541e-08
1.108615e-05
-6.402432e-09
-9.1543871e-08
1.114521e-05
-7.9225719e-09
-8.8365943e-08
1.1201276e-05
-9.4946475e-09
-8.5290645e-08
1.1254535e-05
-1.104971e-08
-8.2330472e-08
1.1305159e-05
-1.2529751e-08
-7.9482063e-08
1.1353309e-05
-1.3888022e-08
-7.6730492e-08
1.1399139e-05
-1.5082036e-08
-7.4049746e-08
1.1442804e-05
-1.6066714e-08
-7.1400475e-08
1.1484462e-05
-1.6788539e-08
-6.8725952e-08
1.1524271e-05
-1.7181528e-08
-6.5943668e-08
1.1562349e-05
-1.7168995e-08
-6.2924827e-08
1.1598589e-05
-1.6669894e-08
-5.9427694e-08
1.1631798e-05
-1.5619357e-08
-5.4828819e-08
-1.4110767e-08
-4.782122e-08
9.4357556e-06
-1.1942575e-07
-8.4963677e-08
9.6004581e-06
-1.2565522e-07
-1.0715075e-07
9.7473295e-06
-1.1676434e-07
-1.1384941e-07
9.8861583e-06
-1.1324758e-07
-1.18259e-07
1.001854e-05
-1.103327e-07
-1.2090844e-07
1.014301e-05
-1.05925e-07
-1.2144929e-07
1.0259251e-05
-1.0092203e-07
-1.2045854e-07
1.0367755e-05
-9.6010801e-08
-1.1857567e-07
1.0469095e-05
-9.1342704e-08
-1.1617325e-07
1.0563763e-05
-8.6928148e-08
-1.1344171e-07
1.0652205e-05
-8.2790829e-08
-1.104912e-07
1.073484e-05
-7.8954333e-08
-1.0739006e-07
1.0812074e-05
-7.5424903e-08
-1.0417394e-07
1.0884361e-05
-7.2187223e-08
-1.0085412e-07
1.0952111e-05
-6.9227447e-08
-9.7445867e-08
1.1015662e-05
-6.6550531e-08
-9.3982163e-08
1.1075312e-05
-6.4139699e-08
-9.050428e-08
1.1131319e-05
-6.1961899e-08
-8.7050747e-08
1.1183921e-05
-5.9978412e-08
-8.3651829e-08
1.1233348e-05
-5.8149323e-08
-8.0325721e-08
1.1279839e-05
-5.6437737e-08
-7.7078894e-08
1.1323636e-05
-5.4810698e-08
-7.3908951e-08
1.1364993e-05
-5.3235787e-08
-7.0806329e-08
1.1404182e-05
-5.1675994e-08
-6.775287e-08
1.1441501e-05
-5.0084811e-08
-6.4718236e-08
1.1477254e-05
-4.8395377e-08
-6.1656403e-08
1.1511716e-05
-4.6501818e-08
-5.8489064e-08
1.1544908e-05
-4.4147541e-08
-5.5038916e-08
1.1575616e-05
-4.0477131e-08
-5.0764916e-08
-3.3463123e-08
-4.4402417e-08
9.1960919e-06
-8.2911631e-08
9.1093929e-06
-1.0431549e-07
9.0230887e-06
-1.1011759e-07
8.9358203e-06
-1.1316866e-07
8.8479344e-06
-1.1428979e-07
8.7609671e-06
-1.1320625e-07
8.6758027e-06
-1.104908e-07
8.592782e-06
-1.0681571e-07
8.5120628e-06
-1.0259857e-07
8.4337408e-06
-9.8062815e-08
8.3578642e-06
-9.3342347e-08
8.2844543e-06
-8.8524513e-08
8.2135348e-06
-8.366246e-08
8.1451578e-06
-7.8786473e-08
8.0793869e-06
-7.3922128e-08
8.0162442e-06
-6.9105918e-08
7.9557067e-06
-6.438399e-08
7.8977168e-06
-5.9801587e-08
7.8421956e-06
-5.539466e-08
7.7890619e-06
-5.1185031e-08
7.7382506e-06
-4.7178875e-08
7.6897209e-06
-4.3369305e-08
7.6434605e-06
-3.9742123e-08
7.5994934e-06
-3.6276655e-08
7.5578904e-06
-3.2940434e-08
7.5187489e-06
-2.96915e-08
7.482248e-06
-2.6474087e-08
7.4487321e-06
-2.3207817e-08
7.4190296e-06
-1.9728898e-08
-1.6354682e-08
9.0686189e-06
1.1743831e-07
8.840684e-06
1.2361849e-07
8.6156109e-06
1.1495384e-07
8.3912845e-06
1.1115448e-07
8.1691815e-06
1.0780696e-07
7.9529881e-06
1.0297475e-07
7.7449674e-06
9.7505805e-08
7.5460534e-06
9.2051455e-08
7.3566173e-06
8.6747765e-08
7.1767925e-06
8.159225e-08
7.0065562e-06
7.6576969e-08
6.8457742e-06
7.1673302e-08
6.6942333e-06
6.6814433e-08
6.5514558e-06
6.2055751e-08
6.4169324e-06
5.7267009e-08
6.2901313e-06
5.2471057e-08
6.1705768e-06
4.7720952e-08
6.0578714e-06
4.3087003e-08
5.9516882e-06
3.8641123e-08
5.8517442e-06
3.4441835e-08
5.7577741e-06
3.052794e-08
5.6695221e-06
2.6922264e-08
5.5867487e-06
2.3638555e-08
5.5092474e-06
2.0686285e-08
5.4368692e-06
1.8072589e-08
5.3695602e-06
1.5800339e-08
5.3074216e-06
1.385914e-08
5.2508237e-06
1.2193692e-08
5.2007124e-06
1.0564506e-08
9.2641835e-09
9.3014387e-06
-3.4607069e-12
9.3179132e-06
-7.2026357e-12
9.3190298e-06
-1.294499e-11
9.3119463e-06
-2.2463369e-11
9.2988802e-06
-3.8348685e-11
9.2804646e-06
-6.473053e-11
9.2576087e-06
-1.0810902e-10
9.2312413e-06
-1.7842276e-10
9.2020656e-06
-2.9044942e-10
9.170607e-06
-4.653621e-10
9.1372922e-06
-7.3168695e-10
9.1024759e-06
-1.1240077e-09
9.0664418e-06
-1.6736525e-09
9.0295469e-06
-2.3839629e-09
8.9920135e-06
-3.2728923e-09
8.9540356e-06
-4.3442057e-09
8.9157741e-06
-5.5606638e-09
8.8773607e-06
-6.8646662e-09
8.838905e-06
-8.1928496e-09
8.8005028e-06
-9.485119e-09
8.7622397e-06
-1.0689736e-08
8.7241964e-06
-1.1763432e-08
8.6864544e-06
-1.2667565e-08
8.649106e-06
-1.3364146e-08
8.6122674e-06
-1.3813046e-08
8.5760969e-06
-1.3971038e-08
8.5408301e-06
-1.3797133e-08
8.5068645e-06
-1.3266598e-08
8.4749946e-06
-1.2392711e-08
-1.1323006e-08
9.3014281e-06
-1.1744289e-07
9.317898e-06
-1.2362782e-07
9.3190059e-06
-1.1497026e-07
9.3119069e-06
-1.1118254e-07
9.2988144e-06
-1.0785424e-07
9.280354e-06
-1.0305364e-07
9.2574237e-06
-9.7636337e-08
9.2309349e-06
-9.2265369e-08
9.201566e-06
-8.7094726e-08
9.1698077e-06
-8.2148762e-08
9.1360445e-06
-7.7459707e-08
9.1005891e-06
-7.3058629e-08
9.0637037e-06
-6.8962169e-08
9.0256371e-06
-6.5171543e-08
8.9866017e-06
-6.1683268e-08
8.9467689e-06
-5.8493531e-08
8.9062873e-06
-5.5583367e-08
8.8652931e-06
-5.2921157e-08
8.8239185e-06
-5.0470071e-08
8.7823008e-06
-4.8193005e-08
8.7405877e-06
-4.6055426e-08
8.6989414e-06
-4.4025924e-08
8.6575421e-06
-4.2074439e-08
8.6165949e-06
-4.016962e-08
8.5763401e-06
-3.827629e-08
8.5370649e-06
-3.6351965e-08
8.4991194e-06
-3.4340417e-08
8.4629594e-06
-3.2145108e-08
8.4292972e-06
-2.9495165e-08
-2.6690865e-08
9.0685894e-06
8.8406461e-06
8.6155582e-06
8.391207e-06
8.169063e-06
7.9528031e-06
7.7446759e-06
7.5455949e-06
7.3559016e-06
7.17569e-06
7.0048879e-06
6.8433048e-06
6.6906802e-06
6.5467222e-06
6.4111168e-06
6.2835173e-06
6.1635499e-06
6.0508272e-06
5.9449625e-06
5.8455845e-06
5.7523502e-06
5.664955e-06
5.5831384e-06
5.5066922e-06
5.4354755e-06
5.369432e-06
5.3086176e-06
5.2532647e-06
5.2040407e-06
)
;

boundaryField
{
    maxY
    {
        type            calculated;
        value           uniform 0;
    }
    minX
    {
        type            calculated;
        value           nonuniform List<scalar> 
40
(
-9.2689692e-06
-9.2689608e-06
-9.2689523e-06
-9.2689439e-06
-9.2689692e-06
-9.2689607e-06
-9.2689523e-06
-9.2689439e-06
-9.2689692e-06
-9.2689607e-06
-9.2689523e-06
-9.2689439e-06
-9.2689692e-06
-9.2689607e-06
-9.2689523e-06
-9.2689439e-06
-9.2689692e-06
-9.2689607e-06
-9.2689523e-06
-9.2689439e-06
-9.2689692e-06
-9.2689607e-06
-9.2689523e-06
-9.2689439e-06
-9.2689692e-06
-9.2689607e-06
-9.2689523e-06
-9.2689439e-06
-9.2689692e-06
-9.2689607e-06
-9.2689523e-06
-9.2689439e-06
-9.2689692e-06
-9.2689607e-06
-9.2689523e-06
-9.2689439e-06
-9.2689692e-06
-9.2689608e-06
-9.2689523e-06
-9.2689439e-06
)
;
    }
    maxX
    {
        type            calculated;
        value           nonuniform List<scalar> 
40
(
5.1574812e-06
8.4477589e-06
8.4002626e-06
5.1609939e-06
7.3543275e-06
1.1657961e-05
1.1599183e-05
7.3956584e-06
7.793882e-06
1.228184e-05
1.2202675e-05
7.8365506e-06
7.7957308e-06
1.2254689e-05
1.2290753e-05
7.8902696e-06
7.6600299e-06
1.1944392e-05
1.2325005e-05
7.9428129e-06
7.6600175e-06
1.1944365e-05
1.2325005e-05
7.942821e-06
7.7957214e-06
1.2254668e-05
1.2290757e-05
7.8902705e-06
7.7938777e-06
1.2281837e-05
1.2202676e-05
7.8365513e-06
7.3543251e-06
1.1657963e-05
1.1599184e-05
7.3956597e-06
5.1574818e-06
8.4477624e-06
8.400263e-06
5.1609953e-06
)
;
    }
    minZ
    {
        type            calculated;
        value           uniform 0;
    }
    maxZ
    {
        type            calculated;
        value           uniform 0;
    }
    topAir_to_rightSolid
    {
        type            calculated;
        value           nonuniform List<scalar> 
130
(
0
0
0
0
0
0
0
0
0
0
0
0
0
0
0
0
0
0
0
0
0
0
2.0679515e-25
0
0
0
0
0
0
8.2718061e-25
0
0
0
8.2718061e-25
0
0
0
0
0
0
0
0
0
3.3087225e-24
-3.3087225e-24
0
-3.3087225e-24
0
0
0
0
0
0
-1.6543612e-24
0
0
0
0
0
0
6.6174449e-24
0
0
0
0
0
0
0
0
0
0
0
0
0
0
-6.6174449e-24
0
0
-6.6174449e-24
0
0
0
0
-3.3087225e-24
0
3.3087225e-24
0
0
0
0
0
0
0
0
-8.2718061e-25
0
0
8.2718061e-25
0
0
8.2718061e-25
0
0
0
0
0
0
0
0
0
0
0
0
0
2.0679515e-25
0
0
0
0
0
0
0
0
0
0
0
0
0
0
0
)
;
    }
    topAir_to_heater
    {
        type            calculated;
        value           nonuniform List<scalar> 
40
(
0
0
0
0
0
0
0
0
0
0
0
0
0
0
-2.646978e-23
0
0
1.0587912e-22
0
0
1.0587912e-22
0
0
0
2.646978e-23
0
0
0
0
0
0
0
0
0
1.6543612e-24
0
0
0
0
0
)
;
    }
    topAir_to_leftSolid
    {
        type            calculated;
        value           nonuniform List<scalar> 
130
(
0
0
1.6155871e-27
1.6155871e-27
0
-1.6155871e-27
0
0
0
0
1.6155871e-27
0
3.2311743e-27
0
0
1.6155871e-27
0
0
0
1.6155871e-27
0
0
0
1.6155871e-27
0
0
0
0
1.6155871e-27
0
1.6155871e-27
0
0
0
0
0
0
0
0
0
0
0
0
1.6155871e-27
0
0
1.6155871e-27
0
0
0
0
0
0
0
0
0
0
0
-1.6155871e-27
-1.6155871e-27
1.6155871e-27
8.0779357e-28
0
0
0
0
1.6155871e-27
0
0
-1.6155871e-27
1.6155871e-27
-1.6155871e-27
0
0
0
0
0
0
0
0
0
-1.6155871e-27
0
0
1.6155871e-27
1.6155871e-27
0
0
0
0
-5.1698788e-26
0
0
0
0
0
0
-1.6155871e-27
1.6155871e-27
0
-1.6155871e-27
0
0
0
0
0
0
0
0
0
0
0
-1.6155871e-27
0
0
1.6155871e-27
0
0
-1.6155871e-27
-1.6155871e-27
0
-1.6155871e-27
0
0
0
1.6155871e-27
0
-1.6155871e-27
0
0
)
;
    }
}


// ************************************************************************* //
