/*--------------------------------*- C++ -*----------------------------------*\
| =========                 |                                                 |
| \\      /  F ield         | OpenFOAM: The Open Source CFD Toolbox           |
|  \\    /   O peration     | Version:  2212                                  |
|   \\  /    A nd           | Website:  www.openfoam.com                      |
|    \\/     M anipulation  |                                                 |
\*---------------------------------------------------------------------------*/
FoamFile
{
    version     2.0;
    format      ascii;
    arch        "LSB;label=32;scalar=64";
    class       volVectorField;
    location    "10/topAir";
    object      U;
}
// * * * * * * * * * * * * * * * * * * * * * * * * * * * * * * * * * * * * * //

dimensions      [0 1 -1 0 0 0 0];

internalField   nonuniform List<vector> 
1200
(
(0.097227778 0.00096178097 0.00079951778)
(0.096218182 0.0012967416 0.0012002321)
(0.094365098 0.0013346841 0.0013563821)
(0.09188519 0.0013066258 0.0014209214)
(0.089344854 0.0012592061 0.0014435451)
(0.086936469 0.0011948776 0.0014340855)
(0.084650515 0.0011197949 0.001399764)
(0.082461246 0.0010412024 0.0013491119)
(0.080366745 0.00096334005 0.0012889332)
(0.078373406 0.00088807784 0.0012236699)
(0.076484432 0.00081614562 0.0011562613)
(0.074699111 0.00074761766 0.0010889182)
(0.073015167 0.00068202042 0.0010235826)
(0.07142894 0.00061956194 0.00096252221)
(0.069934958 0.00055924632 0.00090710432)
(0.068527145 0.00050079669 0.00085737046)
(0.067199828 0.00044443818 0.00081253128)
(0.065948195 0.00039068306 0.00077144576)
(0.064768363 0.00034013857 0.00073301291)
(0.063657142 0.00029333156 0.00069643462)
(0.062611688 0.00025060123 0.00066124024)
(0.061629267 0.00021209435 0.00062712849)
(0.060707224 0.0001778198 0.00059379069)
(0.059843122 0.00014770636 0.00056079007)
(0.059034986 0.00012163651 0.00052747328)
(0.058281635 9.9443986e-05 0.00049287099)
(0.05758332 8.0834228e-05 0.00045556263)
(0.056942914 6.4977145e-05 0.0004133613)
(0.05636075 4.8065147e-05 0.00036173391)
(0.055682983 3.7455395e-05 0.00030766809)
(0.099371479 0.00097371834 0.00082562608)
(0.10013561 0.0013290767 0.0012542383)
(0.10060709 0.0014035868 0.0014385517)
(0.1006101 0.0014177263 0.0015321146)
(0.10043327 0.0014098174 0.00158267)
(0.10022884 0.0013815192 0.0016001617)
(0.10000479 0.0013394233 0.0015922203)
(0.099743399 0.0012905095 0.0015672306)
(0.099443901 0.0012385304 0.001531602)
(0.099114835 0.0011850087 0.0014894043)
(0.098763702 0.0011304786 0.0014432005)
(0.098395105 0.0010749279 0.001394686)
(0.098012239 0.0010179586 0.0013449064)
(0.097618115 0.00095991347 0.0012943171)
(0.097215969 0.00090010415 0.001243663)
(0.096808205 0.00083857161 0.0011936238)
(0.096396659 0.00077594691 0.0011447084)
(0.095982841 0.00071320425 0.0010972947)
(0.095568016 0.00065142349 0.0010516176)
(0.095153269 0.0005916037 0.001007755)
(0.094739565 0.00053455882 0.00096566051)
(0.094327796 0.00048091813 0.00092518982)
(0.093918826 0.00043118831 0.00088609503)
(0.093513576 0.00038581633 0.00084800227)
(0.093113138 0.00034522729 0.00081037231)
(0.092718941 0.00030982229 0.00077240972)
(0.092333051 0.00027989681 0.00073283458)
(0.091958847 0.0002553718 0.00068911951)
(0.091600724 0.00023510498 0.00063421954)
(0.091170625 0.00021746747 0.0005562625)
(0.099371469 -0.00097379478 0.00082562559)
(0.10013557 -0.0013292453 0.0012542365)
(0.10060698 -0.0014038922 0.0014385468)
(0.10060987 -0.0014182547 0.0015321035)
(0.10043283 -0.0014107154 0.0015826464)
(0.10022803 -0.0013830293 0.0016001132)
(0.10000337 -0.0013419376 0.0015921238)
(0.09974097 -0.0012946505 0.001567043)
(0.099439847 -0.0012452655 0.0015312466)
(0.099108226 -0.0011958068 0.0014887497)
(0.098753198 -0.0011475071 0.0014420373)
(0.098378909 -0.0011012633 0.0013927194)
(0.09798809 -0.0010576741 0.0013418351)
(0.097583234 -0.0010169442 0.0012900282)
(0.097166792 -0.00097931893 0.0012378493)
(0.096740889 -0.00094480917 0.0011858655)
(0.096307261 -0.00091312116 0.0011345998)
(0.095867414 -0.00088376424 0.0010844857)
(0.095422765 -0.00085617826 0.0010358362)
(0.094974744 -0.00082981608 0.00098882684)
(0.094524873 -0.00080418424 0.00094350967)
(0.094074811 -0.00077884041 0.0008998418)
(0.093626393 -0.00075335556 0.00085769755)
(0.093181682 -0.00072727397 0.00081686088)
(0.092743056 -0.00070007879 0.00077701164)
(0.092313323 -0.0006711624 0.00073766447)
(0.091895901 -0.00063979593 0.00069794535)
(0.091495196 -0.00060506884 0.00065584827)
(0.091115455 -0.00056572533 0.00060491406)
(0.090660868 -0.00052245924 0.00053354364)
(0.097227754 -0.0009618109 0.00079951675)
(0.096218094 -0.0012968052 0.0012002278)
(0.094364884 -0.0013347961 0.0013563711)
(0.091884763 -0.0013068158 0.0014208969)
(0.089344079 -0.0012595244 0.0014434936)
(0.086935128 -0.0011954082 0.0014339809)
(0.084648268 -0.0011206737 0.0013995559)
(0.082457566 -0.0010426468 0.0013487053)
(0.080360837 -0.00096569238 0.0012881518)
(0.07836411 -0.00089187159 0.0012221919)
(0.07647011 -0.00082220793 0.0011535079)
(0.074677536 -0.00075723444 0.0010838654)
(0.072983401 -0.00069715866 0.0010144413)
(0.07138441 -0.00064194477 0.00094601602)
(0.069877234 -0.00059146667 0.00087917994)
(0.068458348 -0.00054552785 0.00081449454)
(0.067123889 -0.00050383132 0.00075249314)
(0.065869731 -0.00046600333 0.00069361919)
(0.064691655 -0.00043163872 0.00063817614)
(0.063585532 -0.00040033496 0.0005862999)
(0.062547473 -0.00037171078 0.00053795924)
(0.061573958 -0.0003454126 0.00049298745)
(0.060661917 -0.00032110295 0.00045111395)
(0.059808807 -0.00029844101 0.00041197915)
(0.059012717 -0.00027706281 0.00037514494)
(0.058272542 -0.00025655209 0.00034008556)
(0.057588342 -0.00023637598 0.00030603266)
(0.056962099 -0.00021553227 0.00027170913)
(0.056391999 -0.00019019178 0.00023370729)
(0.055721074 -0.00016813043 0.00019920372)
(0.098508004 0.0009858495 0.0010622279)
(0.098432213 0.0013411554 0.0016298994)
(0.097918483 0.0013961217 0.0018725985)
(0.096975812 0.0013841257 0.0019894024)
(0.095950444 0.0013506047 0.0020482517)
(0.094977156 0.0012980258 0.0020627217)
(0.094051052 0.0012330343 0.0020423517)
(0.093150477 0.001163179 0.001998647)
(0.092270875 0.0010928621 0.0019407267)
(0.09141619 0.0010240539 0.0018743921)
(0.09058993 0.00095747204 0.0018035039)
(0.089793733 0.00089296919 0.0017312941)
(0.089029092 0.00082950781 0.0016613832)
(0.088295237 0.00076821762 0.0015998468)
(0.087587531 0.00070717234 0.0015499437)
(0.086900899 0.00064614706 0.0015108871)
(0.086231961 0.00058579509 0.0014797449)
(0.085579341 0.0005271333 0.0014527918)
(0.08494342 0.00047127927 0.0014266894)
(0.084325613 0.00041911622 0.0013992337)
(0.083727485 0.00037114363 0.0013692606)
(0.083150259 0.00032755276 0.0013361069)
(0.08259481 0.00028835977 0.0012991377)
(0.082061896 0.00025349791 0.0012574446)
(0.081552413 0.00022286057 0.0012096211)
(0.081067677 0.00019626766 0.0011535323)
(0.080609914 0.00017322429 0.0010860984)
(0.080183413 0.00015185682 0.0010032152)
(0.07979492 0.0001241467 0.00090050877)
(0.079371558 7.2909605e-05 0.0007804859)
(0.10071026 0.00099365163 0.0010944303)
(0.10246664 0.0013553803 0.0016840717)
(0.10434632 0.0014297575 0.0019462838)
(0.10596939 0.001443229 0.0020857423)
(0.10741316 0.001435302 0.0021701211)
(0.10877676 0.0014077722 0.0022125069)
(0.11007341 0.0013672563 0.0022221018)
(0.11129011 0.0013207462 0.0022097541)
(0.11242455 0.0012719878 0.0021838081)
(0.11348341 0.001222423 0.0021493076)
(0.11447407 0.0011723618 0.0021091938)
(0.11540219 0.0011213815 0.0020651841)
(0.11627238 0.0010684914 0.0020177935)
(0.11708974 0.0010149035 0.0019661527)
(0.11786041 0.00095894319 0.0019115108)
(0.11858889 0.0009004823 0.0018553994)
(0.11927869 0.00084032394 0.0017991219)
(0.11993277 0.00077966395 0.0017438166)
(0.12055352 0.00071979933 0.0016902006)
(0.121143 0.0006618423 0.0016385075)
(0.12170312 0.00060658903 0.0015886296)
(0.12223566 0.0005545923 0.0015402117)
(0.12274234 0.00050629729 0.0014926476)
(0.1232248 0.00046214298 0.0014450258)
(0.12368471 0.00042263121 0.0013960753)
(0.12412375 0.00038833681 0.0013440241)
(0.12454331 0.00035973603 0.0012863466)
(0.12494306 0.00033649696 0.0012191075)
(0.12531868 0.00031467309 0.0011354654)
(0.12575109 0.00027945374 0.001025185)
(0.10071025 -0.0009937317 0.0010944272)
(0.1024666 -0.0013555603 0.0016840637)
(0.10434621 -0.0014300877 0.0019462665)
(0.10596914 -0.0014438046 0.0020857067)
(0.10741269 -0.0014362855 0.0021700494)
(0.10877589 -0.0014094345 0.002212365)
(0.11007186 -0.0013700409 0.002221825)
(0.11128744 -0.001325369 0.0022092234)
(0.11242007 -0.0012795864 0.0021828099)
(0.11347604 -0.0012347711 0.0021474764)
(0.11446229 -0.0011921581 0.0021059518)
(0.11538403 -0.0011525846 0.0020597588)
(0.11624548 -0.0011164442 0.0020095892)
(0.11705106 -0.0010834186 0.0019555808)
(0.11780545 -0.0010537179 0.0018981582)
(0.11851282 -0.0010273586 0.0018382238)
(0.11917665 -0.001003998 0.0017768039)
(0.1197999 -0.0009831139 0.0017148584)
(0.12038519 -0.00096412082 0.0016531371)
(0.12093501 -0.00094642882 0.0015920972)
(0.12145186 -0.00092949596 0.0015319335)
(0.1219383 -0.00091282335 0.0014726663)
(0.12239702 -0.00089589995 0.0014141333)
(0.12283081 -0.00087813917 0.0013559086)
(0.12324274 -0.00085880874 0.001297397)
(0.12363604 -0.0008369314 0.0012378204)
(0.12401375 -0.0008111661 0.001175899)
(0.12437713 -0.00077915894 0.0011094576)
(0.1247222 -0.00073512131 0.0010337238)
(0.12512027 -0.00066480412 0.00093864)
(0.098507982 -0.00098588054 0.0010622216)
(0.098432124 -0.001341223 0.0016298829)
(0.097918261 -0.0013962426 0.0018725627)
(0.096975362 -0.0013843328 0.0019893283)
(0.095949614 -0.0013509542 0.0020481014)
(0.094975702 -0.001298612 0.0020624216)
(0.094048582 -0.0012340126 0.0020417601)
(0.093146376 -0.0011648032 0.0019974945)
(0.092264192 -0.0010955447 0.0019385086)
(0.091405483 -0.0010284659 0.0018701722)
(0.090573078 -0.0009647184 0.0017955666)
(0.089767666 -0.00090491073 0.0017165218)
(0.088989161 -0.00084926372 0.001634084)
(0.088237742 -0.00079769453 0.0015488338)
(0.087514014 -0.00075012284 0.0014613459)
(0.086818546 -0.00070646715 0.0013725614)
(0.086151427 -0.00066653095 0.0012836595)
(0.085512221 -0.00063001752 0.0011957992)
(0.084900145 -0.00059657357 0.0011099312)
(0.084314281 -0.00056581844 0.0010266776)
(0.08375379 -0.00053737827 0.0009463043)
(0.083218069 -0.0005109015 0.0008689144)
(0.082706816 -0.00048604763 0.00079443974)
(0.082220078 -0.00046244845 0.00072247609)
(0.081758344 -0.00043966222 0.00065241848)
(0.081322514 -0.00041707492 0.00058389775)
(0.080914079 -0.00039370308 0.00051634313)
(0.080535848 -0.00036715845 0.00044925234)
(0.080191585 -0.00032906997 0.00038345295)
(0.079812132 -0.00026169905 0.00032582745)
(0.098377623 0.00098084057 0.00041427108)
(0.098074787 0.0013301089 0.00071225208)
(0.0974704 0.0013787439 0.00088770776)
(0.096583281 0.0013620268 0.00099552081)
(0.095685936 0.0013253194 0.0010676621)
(0.094874574 0.0012705011 0.0011127688)
(0.094136919 0.0012040371 0.0011346487)
(0.093448289 0.0011334446 0.0011384714)
(0.092798277 0.0010630047 0.0011293608)
(0.092184904 0.00099438998 0.0011112543)
(0.091607695 0.00092773108 0.0010873583)
(0.091066584 0.00086167195 0.0010612366)
(0.090565065 0.00079286459 0.001038713)
(0.090100969 0.00072763289 0.0010343633)
(0.089661199 0.00066046331 0.0010540803)
(0.089233458 0.00059108815 0.0010933875)
(0.088810871 0.00052091361 0.0011438393)
(0.08839122 0.00045158101 0.0011956174)
(0.08797605 0.00038522413 0.0012415034)
(0.087568537 0.00032357114 0.001278265)
(0.087171285 0.00026759193 0.0013050513)
(0.08678555 0.00021770792 0.0013216529)
(0.086411551 0.00017403955 0.0013276512)
(0.086048927 0.00013654757 0.0013220492)
(0.08569702 0.00010515873 0.0013029308)
(0.085355149 7.9780284e-05 0.001266998)
(0.085023314 6.0066212e-05 0.0012089735)
(0.084704489 4.4163805e-05 0.0011206136)
(0.084409106 2.424198e-05 0.00099025199)
(0.084110316 -1.7424113e-05 0.00080879302)
(0.10057691 0.00099312216 0.00042665406)
(0.10210686 0.0013549673 0.00073907044)
(0.10389915 0.0014265457 0.00093027865)
(0.10558062 0.0014366319 0.001056298)
(0.10715396 0.0014257018 0.0011488167)
(0.10868109 0.0013954418 0.0012161022)
(0.11016895 0.0013523959 0.0012617185)
(0.11160233 0.0013035857 0.0012904007)
(0.11297414 0.0012527048 0.0013066571)
(0.11428598 0.0012009291 0.0013136172)
(0.11554148 0.0011479869 0.0013131394)
(0.11674319 0.001092374 0.0013058574)
(0.11789285 0.0010315494 0.0012900684)
(0.11899468 0.00097234169 0.0012607549)
(0.1200575 0.00090987726 0.0012211408)
(0.12108535 0.00084360939 0.001175663)
(0.12208074 0.00077461158 0.0011283092)
(0.1230453 0.00070420299 0.0010827128)
(0.12397959 0.00063424634 0.0010404675)
(0.12488389 0.00056647533 0.0010017504)
(0.12575861 0.00050213791 0.00096615627)
(0.12660415 0.00044217102 0.00093293989)
(0.12742078 0.00038739503 0.00090100193)
(0.12820856 0.00033859853 0.00086877532)
(0.12896735 0.00029682056 0.00083418286)
(0.12969661 0.00026350752 0.00079441482)
(0.1303949 0.00024024841 0.00074609349)
(0.13105899 0.00022819299 0.00068416015)
(0.13168582 0.000224947 0.00060253209)
(0.13244758 0.00021630174 0.00050187508)
(0.1005769 -0.00099321237 0.00042664871)
(0.1021068 -0.0013551725 0.00073905741)
(0.10389901 -0.0014269284 0.00093025156)
(0.10558031 -0.0014373115 0.0010562433)
(0.10715335 -0.0014268881 0.001148708)
(0.10867996 -0.0013974941 0.0012158882)
(0.11016689 -0.0013559234 0.0012613018)
(0.11159868 -0.0013096108 0.0012896002)
(0.1129678 -0.0012629232 0.001305146)
(0.11427525 -0.0012181119 0.0013108366)
(0.11552387 -0.001176563 0.0013082375)
(0.11671565 -0.0011391512 0.0012978985)
(0.11785229 -0.0011057538 0.0012793841)
(0.11893697 -0.0010742062 0.0012515006)
(0.11997437 -0.0010451102 0.001214509)
(0.12096845 -0.0010190461 0.0011702532)
(0.12192192 -0.00099604496 0.0011210184)
(0.12283668 -0.00097599692 0.0010690378)
(0.12371412 -0.00095853934 0.0010159885)
(0.12455555 -0.00094307666 0.00096281816)
(0.12536248 -0.00092896052 0.00090990789)
(0.12613664 -0.0009153992 0.00085739916)
(0.12687987 -0.00090144465 0.00080524383)
(0.1275943 -0.00088603667 0.00075260967)
(0.12828257 -0.00086779017 0.00069861215)
(0.12894748 -0.0008444257 0.00064243297)
(0.12959202 -0.00081290966 0.00058247225)
(0.13021815 -0.00076833755 0.00051755548)
(0.13082622 -0.00070098969 0.00044694066)
(0.13158981 -0.00059329004 0.00037377013)
(0.098377596 -0.00098087523 0.00041425999)
(0.098074679 -0.0013301856 0.00071222479)
(0.097470129 -0.0013788836 0.00088765077)
(0.096582718 -0.0013622713 0.00099540552)
(0.09568487 -0.0013257419 0.001067432)
(0.094872649 -0.0012712281 0.0011123127)
(0.094133528 -0.0012052859 0.0011337506)
(0.093442416 -0.0011355877 0.0011367136)
(0.092788225 -0.0010666839 0.00112594)
(0.092167862 -0.0010007301 0.0011046313)
(0.091579028 -0.00093876493 0.0010745799)
(0.091018548 -0.00088122889 0.001036599)
(0.090483366 -0.00082803081 0.00099078259)
(0.089971672 -0.00077860602 0.00093686493)
(0.089483176 -0.00073279343 0.00087512463)
(0.089018026 -0.00069069914 0.00080714726)
(0.08857572 -0.00065226157 0.00073528844)
(0.088155012 -0.00061727733 0.00066196006)
(0.087754218 -0.00058542864 0.00058914356)
(0.087371551 -0.0005563139 0.00051801909)
(0.087005668 -0.00052954845 0.00044847194)
(0.086655771 -0.00050466801 0.00038036861)
(0.086321133 -0.00048110885 0.00031408585)
(0.086001346 -0.00045827193 0.00024943607)
(0.085697271 -0.0004354962 0.00018586798)
(0.085410356 -0.00041148636 0.00012255743)
(0.085142655 -0.00038425853 5.9108458e-05)
(0.084899886 -0.00034997214 -3.3940048e-06)
(0.084695827 -0.00029780735 -6.0857511e-05)
(0.0845425 -0.00020246964 -0.00010144933)
(0.098353467 0.00098319704 0.00022312391)
(0.09797584 0.0013356783 0.00042073017)
(0.097284712 0.0013866982 0.00056791343)
(0.096331776 0.0013714529 0.00066919037)
(0.095391325 0.0013355615 0.00073751264)
(0.094551563 0.0012808949 0.00078157787)
(0.093797147 0.0012139162 0.00080630395)
(0.093103401 0.001142221 0.00081578665)
(0.092459426 0.0010701314 0.00081392892)
(0.091862228 0.00099914356 0.00080414248)
(0.091311151 0.0009286476 0.00078956678)
(0.090808674 0.00085510907 0.00077419578)
(0.090370307 0.0007704928 0.00076654792)
(0.08999354 0.00070533758 0.00079764887)
(0.089643807 0.00064609156 0.0008795095)
(0.089293648 0.00059335052 0.0010022594)
(0.088930891 0.00054802512 0.0011481596)
(0.088555097 0.00050635076 0.001293275)
(0.088175462 0.00046791279 0.0014215759)
(0.087801778 0.00043268603 0.0015282642)
(0.087438981 0.00040054552 0.0016137792)
(0.087087872 0.000371547 0.0016795123)
(0.086747189 0.00034592049 0.0017263921)
(0.086414557 0.00032391802 0.0017545023)
(0.086086526 0.00030598813 0.0017625731)
(0.085758356 0.00029289982 0.0017470371)
(0.085423558 0.00028654073 0.0017003535)
(0.085074736 0.00028822488 0.001607803)
(0.084704294 0.00029603492 0.001441113)
(0.08419336 0.00031184948 0.0011535453)
(0.10055311 0.00099336872 0.00023011954)
(0.10200872 0.00135656 0.00043674103)
(0.10371503 0.0014290624 0.00059414326)
(0.1053315 0.0014393851 0.00070734345)
(0.10686175 0.0014282612 0.00078937881)
(0.10835949 0.0013974211 0.00084872174)
(0.10982861 0.0013533573 0.00089000213)
(0.11125384 0.0013030483 0.00091693416)
(0.11262748 0.00125008 0.00093288371)
(0.11394973 0.0011952939 0.00094040453)
(0.1152224 0.0011375972 0.00094085024)
(0.11644511 0.001073718 0.00093342225)
(0.11761522 0.00099882565 0.00091158088)
(0.11873666 0.00094442907 0.00086011526)
(0.11982769 0.00089817233 0.00078552017)
(0.12089046 0.00085872999 0.00069797715)
(0.12192421 0.00082537584 0.00060826795)
(0.1229272 0.00079349971 0.00052839125)
(0.12389582 0.00076239385 0.0004620257)
(0.12482864 0.00073239117 0.0004086101)
(0.12572588 0.00070384065 0.00036665924)
(0.12658803 0.0006774598 0.00033438024)
(0.12741516 0.00065442745 0.000309633)
(0.12820689 0.00063569186 0.00028992288)
(0.12896217 0.00062310813 0.00027200876)
(0.12967929 0.0006199375 0.00025140409)
(0.13035346 0.00062993067 0.00022196235)
(0.13097584 0.00065934963 0.00017487961)
(0.1315398 0.00071495632 9.7727475e-05)
(0.1321861 0.00079679934 -2.4679379e-05)
(0.10055309 -0.00099346944 0.00023011505)
(0.10200866 -0.0013567912 0.00043672993)
(0.10371486 -0.0014294996 0.00059412011)
(0.10533113 -0.0014401749 0.00070729636)
(0.10686101 -0.0014296661 0.00078928434)
(0.10835807 -0.0013999025 0.00084853384)
(0.10982597 -0.0013577208 0.00088963162)
(0.11124906 -0.0013106896 0.00091621262)
(0.11261899 -0.0012633988 0.00093150447)
(0.11393505 -0.0012183658 0.00093785523)
(0.11519812 -0.0011772009 0.00093645646)
(0.11640812 -0.0011405866 0.00092712726)
(0.11756488 -0.0011063974 0.00090787099)
(0.1186727 -0.0010663035 0.00087423828)
(0.11974021 -0.0010226522 0.00082474155)
(0.1207737 -0.00097837435 0.00076185861)
(0.12177621 -0.00093538688 0.00068969628)
(0.12274869 -0.00089568748 0.00061307686)
(0.12369071 -0.00085944885 0.00053597273)
(0.12460182 -0.00082591972 0.00046068138)
(0.12548221 -0.00079485968 0.00038846142)
(0.12633267 -0.00076552487 0.00031973842)
(0.12715373 -0.00073620986 0.00025428613)
(0.1279467 -0.00070495618 0.00019199076)
(0.12871491 -0.0006692098 0.0001318035)
(0.1294606 -0.0006255611 7.094475e-05)
(0.13018732 -0.00056882579 6.4420496e-06)
(0.13089937 -0.00048971777 -6.437965e-05)
(0.13160256 -0.00037184695 -0.00014323286)
(0.13252274 -0.00019289396 -0.00022383476)
(0.098353436 -0.0009832355 0.00022311456)
(0.097975713 -0.0013357643 0.00042070704)
(0.097284387 -0.0013868577 0.00056786474)
(0.096331091 -0.001371737 0.00066909113)
(0.095390001 -0.0013360626 0.00073731269)
(0.094549112 -0.0012817773 0.00078117639)
(0.093792708 -0.0012154716 0.00080550012)
(0.093095454 -0.0011449708 0.00081417915)
(0.092445285 -0.0010750254 0.00081071228)
(0.091837124 -0.0010079662 0.00079768467)
(0.091266501 -0.0009449346 0.00077650442)
(0.090728251 -0.0008862827 0.00074738278)
(0.090217763 -0.00083138986 0.00070933854)
(0.089732945 -0.00077857121 0.00066044183)
(0.089274988 -0.00072779382 0.00059945525)
(0.088845759 -0.00067992789 0.00052769047)
(0.088445137 -0.00063544721 0.00044824295)
(0.088071039 -0.00059455006 0.00036484008)
(0.08772008 -0.00055697213 0.00028093475)
(0.08738771 -0.00052220381 0.00019896833)
(0.087070804 -0.00049045764 0.00012094828)
(0.086769301 -0.00046161188 4.7480914e-05)
(0.086482799 -0.00043461902 -2.215996e-05)
(0.086209966 -0.00040780373 -8.8382081e-05)
(0.085950431 -0.00037968677 -0.00015110748)
(0.085705334 -0.00034917662 -0.00020946116)
(0.085479033 -0.00031297229 -0.00026287967)
(0.08528113 -0.00026553533 -0.00031167133)
(0.085134004 -0.00019372973 -0.00035580009)
(0.085104446 -6.7690635e-05 -0.00039438048)
(0.098341139 0.00098325223 6.6562098e-05)
(0.097926888 0.0013357465 0.00012527447)
(0.097188412 0.0013862072 0.00016744639)
(0.096195309 0.0013699347 0.00019340534)
(0.095227556 0.0013328434 0.0002076982)
(0.094370186 0.0012769077 0.00021424865)
(0.093604342 0.0012086004 0.00021535946)
(0.092903869 0.00113551 0.00021257357)
(0.092257264 0.001061889 0.00020718655)
(0.091661245 0.00098890002 0.00020031831)
(0.091115981 0.00091480521 0.00019305122)
(0.090629242 0.00083261708 0.00018704583)
(0.090244937 0.00072742365 0.00018692842)
(0.089965703 0.00071278399 0.00021346907)
(0.089716172 0.00074618015 0.00027511877)
(0.089438718 0.00082008143 0.00036587621)
(0.089104716 0.00092348144 0.0004743335)
(0.08871393 0.0010093697 0.00058354807)
(0.088296136 0.0010747426 0.00068203266)
(0.087878695 0.0011215526 0.00076635689)
(0.087472946 0.0011522579 0.00083670929)
(0.087080361 0.0011698688 0.0008939641)
(0.08669872 0.00117746 0.00093879758)
(0.086323907 0.0011779315 0.00097147194)
(0.085949301 0.0011738881 0.00099150976)
(0.085564237 0.0011679085 0.00099704091)
(0.085151187 0.0011637953 0.00098357349)
(0.084680226 0.0011675234 0.00094176414)
(0.08408513 0.0011871964 0.00085218022)
(0.082904661 0.001260324 0.00067851244)
(0.10054083 0.00099339086 6.8617383e-05)
(0.10195992 0.0013570464 0.00012999444)
(0.10361932 0.0014297466 0.00017520469)
(0.10519644 0.0014398295 0.0002047684)
(0.10669991 0.0014281711 0.00022327328)
(0.10818002 0.0013965903 0.00023453286)
(0.10963717 0.001351586 0.00024070873)
(0.11105458 0.0013000918 0.00024318726)
(0.11242369 0.0012455627 0.00024305399)
(0.11374345 0.0011884655 0.00024104012)
(0.11501329 0.0011267537 0.00023727892)
(0.11622617 0.0010549617 0.00023054788)
(0.11736677 0.00096711754 0.00021556234)
(0.11842915 0.00097532454 0.00018076133)
(0.11945256 0.0010418018 0.00013016503)
(0.12043805 0.0011552744 7.0833921e-05)
(0.1213845 0.0013011033 1.0916503e-05)
(0.12229127 0.0014326831 -4.0140732e-05)
(0.12314527 0.0015444371 -7.9656755e-05)
(0.12394413 0.0016377668 -0.00010826355)
(0.12469128 0.0017149426 -0.00012724145)
(0.1253904 0.0017786146 -0.00013803255)
(0.12604433 0.0018316815 -0.00014224522)
(0.12665444 0.0018780554 -0.00014157142)
(0.12721979 0.0019218479 -0.00013815655)
(0.12773668 0.0019671814 -0.00013495356)
(0.12819658 0.0020214058 -0.00013637547)
(0.12858291 0.0020980192 -0.00014830609)
(0.12886381 0.0022197786 -0.00017921956)
(0.12897009 0.0024266355 -0.00024408613)
(0.10054082 -0.00099349864 6.8615589e-05)
(0.10195985 -0.0013572951 0.00012998997)
(0.10361914 -0.0014302206 0.00017519536)
(0.10519602 -0.0014406939 0.00020474921)
(0.10669907 -0.001429725 0.00022323461)
(0.10817839 -0.0013993679 0.00023445537)
(0.10963412 -0.0013565366 0.00024055473)
(0.11104898 -0.0013088939 0.0002428845)
(0.11241363 -0.0012611704 0.00024247109)
(0.11372603 -0.0012160245 0.0002399638)
(0.11498517 -0.0011750169 0.00023548057)
(0.11618833 -0.0011377014 0.00022838388)
(0.11733142 -0.0010961887 0.00021689092)
(0.1184205 -0.0010254449 0.00019730057)
(0.11947423 -0.00092995742 0.00016778811)
(0.12050723 -0.00081781843 0.00012939764)
(0.12152679 -0.00069770308 8.457246e-05)
(0.12253438 -0.00058265385 3.6600972e-05)
(0.12352598 -0.00047652486 -1.159298e-05)
(0.12449704 -0.0003786485 -5.8210689e-05)
(0.12544487 -0.0002872245 -0.00010210167)
(0.12636793 -0.00020092428 -0.00014282958)
(0.12726601 -0.00011871856 -0.0001805616)
(0.1281389 -3.8382719e-05 -0.00021472571)
(0.12898452 4.4255616e-05 -0.00024571472)
(0.12980411 0.00013681824 -0.0002759227)
(0.13058228 0.0002495463 -0.0003074164)
(0.13131778 0.00039741149 -0.00034244384)
(0.13201429 0.00060497521 -0.0003825905)
(0.13289606 0.00090770612 -0.00042363401)
(0.098341106 -0.00098329322 6.6558298e-05)
(0.097926748 -0.0013358388 0.00012526516)
(0.097188051 -0.0013863801 0.0001674267)
(0.09619454 -0.0013702456 0.00019336497)
(0.095226053 -0.0013333983 0.00020761627)
(0.094367362 -0.0012778978 0.00021408236)
(0.093599135 -0.0012103733 0.00021502247)
(0.092894341 -0.0011387062 0.00021188841)
(0.092239844 -0.0010677252 0.00020578736)
(0.091629227 -0.00099980585 0.00019743322)
(0.091056334 -0.000936011 0.00018701569)
(0.09051403 -0.00087624656 0.00017410699)
(0.089995611 -0.00081856917 0.00015756511)
(0.089498443 -0.00075776324 0.00013555051)
(0.089026702 -0.00069286627 0.0001065421)
(0.088586712 -0.00062634079 7.0674781e-05)
(0.088181293 -0.00056080074 2.9384217e-05)
(0.087809463 -0.00049908505 -1.5243516e-05)
(0.08746735 -0.00044281508 -6.1048357e-05)
(0.087150823 -0.00039196596 -0.00010626884)
(0.086855668 -0.00034526227 -0.00014843577)
(0.086576664 -0.00030174139 -0.00018652836)
(0.086311209 -0.00026110407 -0.00022163541)
(0.08605994 -0.00022288636 -0.00025419718)
(0.085825391 -0.00018454416 -0.0002839239)
(0.085610047 -0.00013890656 -0.00030925098)
(0.085444264 -7.7990111e-05 -0.00032935172)
(0.085346737 6.3510432e-06 -0.0003452604)
(0.085354457 0.00012651005 -0.0003589561)
(0.08564409 0.0003019509 -0.00037496483)
(0.098341139 0.00098325221 -6.6558808e-05)
(0.097926888 0.0013357465 -0.00012527331)
(0.097188412 0.0013862073 -0.00016744557)
(0.096195309 0.0013699347 -0.00019340464)
(0.095227556 0.0013328435 -0.00020769774)
(0.094370186 0.0012769078 -0.00021424825)
(0.093604342 0.0012086005 -0.0002153593)
(0.092903869 0.0011355099 -0.00021257316)
(0.092257264 0.0010618892 -0.00020718658)
(0.091661245 0.00098889998 -0.00020031778)
(0.091115982 0.00091480539 -0.00019305123)
(0.090629243 0.0008326167 -0.00018704529)
(0.090244939 0.00072742283 -0.0001869277)
(0.08996571 0.00071278434 -0.00021346678)
(0.089716185 0.0007461848 -0.00027511206)
(0.089438737 0.00082009392 -0.00036586157)
(0.08910474 0.00092350482 -0.0004743062)
(0.088713953 0.0010094032 -0.00058350686)
(0.088296158 0.0010747845 -0.00068197703)
(0.087878715 0.0011216019 -0.0007662881)
(0.087472962 0.001152313 -0.0008366284)
(0.087080373 0.0011699286 -0.00089387288)
(0.086698728 0.0011775232 -0.00093869729)
(0.086323911 0.0011779974 -0.00097136488)
(0.0859493 0.0011739557 -0.00099139727)
(0.085564229 0.0011679774 -0.00099692545)
(0.085151172 0.0011638653 -0.00098345777)
(0.084680198 0.0011675943 -0.00094165283)
(0.08408508 0.001187269 -0.0008520812)
(0.082904543 0.0012604028 -0.00067843931)
(0.10054083 0.00099339086 -6.8614222e-05)
(0.10195992 0.0013570464 -0.00012999353)
(0.10361932 0.0014297466 -0.00017520414)
(0.10519644 0.0014398294 -0.0002047682)
(0.10669991 0.0014281713 -0.00022327345)
(0.10818002 0.0013965903 -0.00023453336)
(0.10963717 0.0013515862 -0.00024070974)
(0.11105458 0.0013000918 -0.00024318861)
(0.11242369 0.001245563 -0.00024305575)
(0.11374345 0.0011884655 -0.00024104209)
(0.11501329 0.001126754 -0.0002372814)
(0.11622617 0.0010549615 -0.00023055068)
(0.11736677 0.00096711716 -0.00021556587)
(0.11842915 0.00097532586 -0.00018076636)
(0.11945255 0.0010418084 -0.00013017335)
(0.12043803 0.0011552904 -7.0847519e-05)
(0.12138448 0.0013011318 -1.0936761e-05)
(0.12229123 0.0014327243 4.0113863e-05)
(0.12314523 0.0015444893 7.9624093e-05)
(0.12394408 0.0016378295 0.00010822585)
(0.12469121 0.001715014 0.00012719977)
(0.12539032 0.001778694 0.00013798771)
(0.12604424 0.0018317677 0.00014219802)
(0.12665433 0.0018781473 0.00014152232)
(0.12721966 0.0019219448 0.00013810594)
(0.12773653 0.0019672822 0.00013490149)
(0.12819642 0.0020215105 0.00013632166)
(0.12858272 0.0020981284 0.00014824893)
(0.12886359 0.0022198944 0.00017915631)
(0.12896981 0.0024267634 0.00024401254)
(0.10054082 -0.00099349861 -6.8612435e-05)
(0.10195985 -0.001357295 -0.00012998904)
(0.10361914 -0.0014302206 -0.00017519482)
(0.10519602 -0.0014406939 -0.00020474907)
(0.10669907 -0.001429725 -0.00022323485)
(0.10817839 -0.001399368 -0.00023445598)
(0.10963412 -0.0013565365 -0.00024055567)
(0.11104898 -0.001308894 -0.0002428858)
(0.11241363 -0.0012611704 -0.00024247271)
(0.11372603 -0.0012160247 -0.0002399658)
(0.11498517 -0.0011750169 -0.00023548308)
(0.11618833 -0.0011377016 -0.00022838685)
(0.11733142 -0.0010961886 -0.00021689472)
(0.1184205 -0.0010254437 -0.00019730548)
(0.11947423 -0.00092995349 -0.00016779504)
(0.12050722 -0.00081781035 -0.00012940763)
(0.12152678 -0.00069768927 -8.45866e-05)
(0.12253437 -0.00058263405 -3.6619873e-05)
(0.12352598 -0.00047649915 1.1568735e-05)
(0.12449704 -0.00037861714 5.8181043e-05)
(0.12544488 -0.00028718789 0.00010206661)
(0.12636794 -0.00020088242 0.00014278941)
(0.12726602 -0.0001186715 0.00018051647)
(0.12813892 -3.8330503e-05 0.00021467579)
(0.12898454 4.4313236e-05 0.00024566012)
(0.12980414 0.00013688243 0.00027586245)
(0.13058231 0.00024961668 0.00030735058)
(0.13131779 0.00039748854 0.00034237242)
(0.1320143 0.00060506019 0.00038251294)
(0.13289606 0.00090780182 0.00042354975)
(0.098341106 -0.0009832932 -6.6555107e-05)
(0.097926748 -0.0013358387 -0.000125264)
(0.097188051 -0.00138638 -0.0001674258)
(0.09619454 -0.0013702457 -0.00019336425)
(0.095226053 -0.0013333984 -0.00020761567)
(0.094367362 -0.0012778978 -0.00021408195)
(0.093599135 -0.0012103732 -0.00021502218)
(0.092894341 -0.0011387062 -0.00021188821)
(0.092239844 -0.0010677252 -0.00020578728)
(0.091629227 -0.00099980585 -0.00019743328)
(0.091056334 -0.00093601105 -0.00018701604)
(0.09051403 -0.00087624667 -0.00017410767)
(0.08999561 -0.00081856924 -0.00015756649)
(0.08949844 -0.00075776299 -0.00013555302)
(0.089026698 -0.00069286534 -0.0001065465)
(0.088586706 -0.00062633873 -7.0682067e-05)
(0.088181286 -0.00056079695 -2.9395198e-05)
(0.087809454 -0.00049907969 1.5227892e-05)
(0.087467341 -0.00044280788 6.1027765e-05)
(0.087150813 -0.00039195735 0.00010624299)
(0.086855657 -0.00034525255 0.00014840467)
(0.086576655 -0.00030173044 0.00018649196)
(0.086311201 -0.00026109187 0.00022159393)
(0.086059934 -0.00022287222 0.00025415095)
(0.085825388 -0.00018452813 0.00028387369)
(0.085610046 -0.00013888596 0.00030919795)
(0.085444283 -7.7965629e-05 0.00032929561)
(0.085346775 6.3789854e-06 0.00034520063)
(0.085354514 0.00012654132 0.0003588926)
(0.085644175 0.0003019859 0.0003748982)
(0.098353467 0.00098319696 -0.00022312108)
(0.09797584 0.0013356783 -0.00042072921)
(0.097284713 0.0013866982 -0.0005679127)
(0.096331777 0.0013714529 -0.00066918983)
(0.095391325 0.0013355615 -0.00073751226)
(0.094551563 0.001280895 -0.00078157762)
(0.093797147 0.0012139164 -0.00080630373)
(0.093103402 0.0011422211 -0.00081578666)
(0.092459427 0.0010701319 -0.00081392879)
(0.091862229 0.00099914386 -0.00080414267)
(0.091311152 0.00092864818 -0.00078956668)
(0.090808675 0.00085510944 -0.00077419626)
(0.090370308 0.00077049279 -0.00076654829)
(0.089993543 0.00070533571 -0.00079765082)
(0.089643814 0.00064608887 -0.00087951401)
(0.08929366 0.00059334977 -0.0010022677)
(0.088930907 0.00054802898 -0.0011481729)
(0.088555114 0.00050635994 -0.0012932929)
(0.088175479 0.00046792788 -0.0014215984)
(0.087801794 0.00043270695 -0.0015282901)
(0.087438995 0.00040057173 -0.0016138083)
(0.087087883 0.00037157795 -0.0016795437)
(0.086747198 0.00034595518 -0.0017264259)
(0.086414563 0.00032395597 -0.0017545377)
(0.086086528 0.00030602846 -0.0017626102)
(0.085758353 0.00029294244 -0.0017470755)
(0.085423548 0.00028658573 -0.0017003928)
(0.085074715 0.00028827266 -0.0016078423)
(0.084704253 0.00029608713 -0.0014411505)
(0.084193271 0.0003119115 -0.0011535768)
(0.10055311 0.00099336865 -0.00023011672)
(0.10200872 0.00135656 -0.00043674017)
(0.10371503 0.0014290624 -0.00059414282)
(0.1053315 0.001439385 -0.00070734336)
(0.10686175 0.0014282613 -0.00078937901)
(0.10835949 0.0013974212 -0.00084872226)
(0.10982861 0.0013533575 -0.00089000291)
(0.11125384 0.0013030484 -0.00091693536)
(0.11262748 0.0012500805 -0.00093288512)
(0.11394973 0.0011952942 -0.00094040632)
(0.1152224 0.0011375979 -0.00094085212)
(0.11644511 0.0010737184 -0.00093342431)
(0.11761522 0.00099882546 -0.00091158269)
(0.11873666 0.00094442711 -0.00086011593)
(0.11982768 0.00089816975 -0.00078551861)
(0.12089046 0.00085872995 -0.00069797269)
(0.1219242 0.0008253814 -0.00060826034)
(0.12292719 0.00079351207 -0.00052838077)
(0.1238958 0.00076241378 -0.00046201298)
(0.12482861 0.00073241911 -0.00040859567)
(0.12572585 0.00070387647 -0.00036664385)
(0.12658799 0.00067750327 -0.00033436422)
(0.1274151 0.00065447793 -0.00030961694)
(0.12820682 0.00063574972 -0.00028990711)
(0.12896208 0.00062317225 -0.00027199377)
(0.12967918 0.00062000735 -0.00025139003)
(0.13035333 0.00063000601 -0.00022194961)
(0.1309757 0.00065943177 -0.00017486765)
(0.13153963 0.00071504746 -9.7715495e-05)
(0.13218589 0.00079690389 2.4693896e-05)
(0.1005531 -0.00099346944 -0.0002301123)
(0.10200866 -0.0013567911 -0.00043672913)
(0.10371486 -0.0014294996 -0.00059411967)
(0.10533113 -0.0014401749 -0.00070729631)
(0.10686101 -0.0014296661 -0.00078928464)
(0.10835807 -0.0013999025 -0.00084853444)
(0.10982597 -0.0013577207 -0.00088963255)
(0.11124906 -0.0013106896 -0.00091621388)
(0.11261899 -0.0012633988 -0.00093150606)
(0.11393505 -0.0012183659 -0.00093785705)
(0.11519812 -0.0011772009 -0.00093645855)
(0.11640812 -0.0011405868 -0.00092712962)
(0.11756488 -0.0011063979 -0.00090787332)
(0.1186727 -0.0010663042 -0.00087424037)
(0.11974021 -0.0010226527 -0.00082474277)
(0.1207737 -0.00097837339 -0.0007618587)
(0.12177621 -0.0009353833 -0.00068969452)
(0.12274868 -0.00089568078 -0.00061307325)
(0.1236907 -0.00085943868 -0.00053596687)
(0.12460182 -0.00082590569 -0.00046067342)
(0.12548221 -0.00079484155 -0.00038845139)
(0.12633267 -0.00076550306 -0.00031972659)
(0.12715373 -0.00073618427 -0.00025427278)
(0.12794671 -0.00070492684 -0.00019197584)
(0.12871492 -0.00066917658 -0.00013178758)
(0.12946062 -0.00062552381 -7.0927406e-05)
(0.13018734 -0.00056878429 -6.4237289e-06)
(0.13089939 -0.00048967093 6.4398916e-05)
(0.13160259 -0.00037179298 0.00014325347)
(0.13252278 -0.00019283061 0.0002238572)
(0.098353436 -0.00098323549 -0.00022311173)
(0.097975713 -0.0013357642 -0.00042070608)
(0.097284387 -0.0013868577 -0.00056786401)
(0.096331091 -0.001371737 -0.00066909061)
(0.095390002 -0.0013360626 -0.00073731232)
(0.094549113 -0.0012817773 -0.00078117614)
(0.093792708 -0.0012154716 -0.00080550002)
(0.093095454 -0.0011449709 -0.0008141791)
(0.092445285 -0.0010750255 -0.00081071228)
(0.091837125 -0.0010079664 -0.00079768478)
(0.091266501 -0.00094493481 -0.00077650463)
(0.090728251 -0.00088628301 -0.0007473831)
(0.090217762 -0.00083139022 -0.00070933903)
(0.089732943 -0.00077857166 -0.00066044215)
(0.089274985 -0.00072779413 -0.00059945533)
(0.088845756 -0.0006799277 -0.0005276899)
(0.088445132 -0.00063544634 -0.00044824154)
(0.088071034 -0.00059454807 -0.00036483769)
(0.087720074 -0.00055696922 -0.00028093112)
(0.087387705 -0.00052219988 -0.00019896349)
(0.087070798 -0.00049045237 -0.00012094215)
(0.086769295 -0.00046160584 -4.7473868e-05)
(0.086482793 -0.00043461222 2.2167555e-05)
(0.086209959 -0.00040779674 8.8390014e-05)
(0.085950424 -0.00037967904 0.0001511151)
(0.085705327 -0.0003491678 0.00020946736)
(0.085479026 -0.00031296203 0.00026288472)
(0.085281125 -0.00026552369 0.00031167618)
(0.085134003 -0.00019371608 0.00035580572)
(0.085104454 -6.76734e-05 0.00039438836)
(0.098377623 0.00098084053 -0.0004142689)
(0.098074788 0.0013301089 -0.00071225133)
(0.097470401 0.0013787438 -0.00088770719)
(0.096583282 0.0013620268 -0.00099552039)
(0.095685937 0.0013253195 -0.0010676618)
(0.094874575 0.0012705012 -0.0011127685)
(0.09413692 0.0012040372 -0.0011346484)
(0.09344829 0.0011334448 -0.0011384713)
(0.092798278 0.001063005 -0.0011293604)
(0.092184905 0.00099439036 -0.0011112543)
(0.091607696 0.00092773141 -0.0010873582)
(0.091066584 0.00086167253 -0.0010612368)
(0.090565066 0.00079286487 -0.0010387135)
(0.090100971 0.00072763191 -0.0010343643)
(0.089661203 0.00066046091 -0.0010540826)
(0.089233465 0.00059108502 -0.0010933922)
(0.088810881 0.00052091053 -0.0011438478)
(0.088391231 0.00045157783 -0.00119563)
(0.087976062 0.00038522126 -0.0012415203)
(0.087568549 0.0003235686 -0.0012782858)
(0.087171295 0.00026758985 -0.0013050756)
(0.086785559 0.00021770615 -0.0013216804)
(0.086411559 0.00017403809 -0.0013276814)
(0.086048932 0.0001365463 -0.0013220814)
(0.085697023 0.00010515781 -0.0013029649)
(0.085355148 7.9779701e-05 -0.0012670331)
(0.085023308 6.0066278e-05 -0.0012090089)
(0.084704477 4.4165225e-05 -0.0011206474)
(0.084409084 2.4246191e-05 -0.00099028137)
(0.084110275 -1.7413307e-05 -0.00080881271)
(0.10057691 0.00099312206 -0.00042665188)
(0.10210686 0.0013549673 -0.00073906976)
(0.10389915 0.0014265457 -0.00093027827)
(0.10558062 0.0014366318 -0.0010562978)
(0.10715396 0.0014257019 -0.0011488167)
(0.10868109 0.0013954419 -0.0012161025)
(0.11016895 0.001352396 -0.0012617188)
(0.11160233 0.0013035859 -0.0012904012)
(0.11297414 0.001252705 -0.0013066579)
(0.11428598 0.0012009295 -0.0013136182)
(0.11554148 0.0011479873 -0.0013131404)
(0.11674319 0.0010923745 -0.0013058586)
(0.11789285 0.0010315494 -0.0012900695)
(0.11899468 0.00097234027 -0.0012607558)
(0.1200575 0.00090987411 -0.0012211408)
(0.12108535 0.00084360529 -0.0011756613)
(0.12208074 0.00077460757 -0.0011283051)
(0.1230453 0.00070419893 -0.0010827062)
(0.12397959 0.00063424295 -0.0010404584)
(0.12488389 0.00056647263 -0.0010017391)
(0.12575861 0.00050213613 -0.00096614288)
(0.12660415 0.00044217002 -0.00093292476)
(0.12742078 0.0003873948 -0.0009009853)
(0.12820856 0.00033859902 -0.0008687574)
(0.12896735 0.00029682195 -0.00083416385)
(0.12969661 0.00026350999 -0.00079439487)
(0.13039489 0.0002402526 -0.00074607278)
(0.13105897 0.00022819989 -0.00068413817)
(0.1316858 0.00022495858 -0.00060250799)
(0.13244755 0.00021632119 -0.00050184751)
(0.1005769 -0.00099321247 -0.00042664656)
(0.1021068 -0.0013551725 -0.00073905677)
(0.10389901 -0.0014269283 -0.0009302511)
(0.10558031 -0.0014373115 -0.0010562432)
(0.10715335 -0.0014268882 -0.001148708)
(0.10867996 -0.0013974942 -0.0012158885)
(0.11016689 -0.0013559235 -0.0012613023)
(0.11159868 -0.0013096109 -0.0012896009)
(0.1129678 -0.0012629233 -0.0013051468)
(0.11427525 -0.0012181121 -0.0013108375)
(0.11552387 -0.0011765632 -0.0013082386)
(0.11671565 -0.0011391515 -0.0012978997)
(0.11785229 -0.0011057545 -0.0012793852)
(0.11893697 -0.0010742075 -0.0012515015)
(0.11997437 -0.001045112 -0.0012145097)
(0.12096845 -0.0010190479 -0.0011702531)
(0.12192192 -0.00099604624 -0.0011210173)
(0.12283667 -0.00097599772 -0.0010690355)
(0.12371412 -0.00095853929 -0.0010159847)
(0.12455555 -0.00094307593 -0.00096281284)
(0.12536247 -0.00092895902 -0.00090990112)
(0.12613664 -0.00091539709 -0.00085739088)
(0.12687987 -0.00090144181 -0.00080523423)
(0.1275943 -0.00088603328 -0.000752599)
(0.12828256 -0.00086778606 -0.00069860028)
(0.12894748 -0.00084442039 -0.00064241955)
(0.12959202 -0.00081290271 -0.00058245702)
(0.13021815 -0.00076832824 -0.00051753869)
(0.13082622 -0.00070097698 -0.00044692204)
(0.13158982 -0.00059327277 -0.00037374907)
(0.098377597 -0.00098087526 -0.0004142578)
(0.09807468 -0.0013301855 -0.000712224)
(0.097470129 -0.0013788837 -0.00088765016)
(0.096582719 -0.0013622713 -0.00099540505)
(0.095684871 -0.0013257418 -0.0010674317)
(0.094872649 -0.0012712281 -0.0011123124)
(0.094133529 -0.0012052859 -0.0011337504)
(0.093442417 -0.0011355878 -0.0011367135)
(0.092788225 -0.001066684 -0.0011259399)
(0.092167863 -0.0010007302 -0.0011046313)
(0.091579028 -0.00093876514 -0.00107458)
(0.091018548 -0.0008812292 -0.0010365991)
(0.090483365 -0.00082803133 -0.00099078274)
(0.089971671 -0.00077860658 -0.000936865)
(0.089483174 -0.00073279411 -0.00087512454)
(0.089018023 -0.00069069966 -0.00080714673)
(0.088575715 -0.0006522619 -0.0007352874)
(0.088155006 -0.00061727738 -0.00066195838)
(0.087754212 -0.00058542832 -0.00058914139)
(0.087371544 -0.00055631334 -0.00051801645)
(0.087005661 -0.00052954758 -0.00044846898)
(0.086655764 -0.00050466704 -0.000380365)
(0.086321126 -0.00048110783 -0.00031408158)
(0.086001338 -0.00045827084 -0.00024943103)
(0.085697264 -0.00043549497 -0.00018586223)
(0.085410349 -0.00041148452 -0.00012255079)
(0.08514265 -0.00038425617 -5.9100526e-05)
(0.084899882 -0.00034996887 3.40329e-06)
(0.084695826 -0.0002978026 6.0868321e-05)
(0.084542507 -0.00020246325 0.00010146144)
(0.098508005 0.00098584946 -0.0010622266)
(0.098432214 0.0013411554 -0.0016298989)
(0.097918484 0.0013961217 -0.0018725983)
(0.096975813 0.0013841257 -0.0019894022)
(0.095950446 0.0013506048 -0.0020482515)
(0.094977157 0.0012980259 -0.0020627216)
(0.094051053 0.0012330344 -0.0020423516)
(0.093150478 0.0011631791 -0.0019986468)
(0.092270876 0.0010928622 -0.0019407266)
(0.091416191 0.0010240541 -0.0018743921)
(0.090589931 0.00095747236 -0.0018035041)
(0.089793734 0.0008929695 -0.0017312943)
(0.089029092 0.00082950811 -0.0016613837)
(0.088295237 0.00076821728 -0.0015998471)
(0.087587532 0.00070717128 -0.0015499445)
(0.086900901 0.00064614526 -0.001510889)
(0.086231964 0.00058579267 -0.0014797488)
(0.085579345 0.00052713009 -0.0014527983)
(0.084943424 0.00047127524 -0.0014266986)
(0.084325616 0.00041911151 -0.0013992458)
(0.083727486 0.00037113829 -0.0013692753)
(0.083150258 0.00032754692 -0.0013361241)
(0.082594807 0.00028835339 -0.0012991571)
(0.08206189 0.00025349106 -0.0012574658)
(0.081552405 0.00022285345 -0.0012096437)
(0.081067666 0.0001962603 -0.0011535556)
(0.0806099 0.0001732169 -0.0010861218)
(0.080183396 0.0001518497 -0.0010032373)
(0.0797949 0.0001241406 -0.00090052742)
(0.079371534 7.2906054e-05 -0.00078049773)
(0.10071026 0.00099365158 -0.001094429)
(0.10246664 0.0013553803 -0.0016840714)
(0.10434633 0.0014297575 -0.0019462836)
(0.10596939 0.001443229 -0.0020857423)
(0.10741317 0.0014353021 -0.0021701211)
(0.10877676 0.0014077723 -0.0022125071)
(0.11007342 0.0013672565 -0.002222102)
(0.11129011 0.0013207463 -0.0022097545)
(0.11242456 0.0012719881 -0.0021838085)
(0.11348341 0.0012224233 -0.002149308)
(0.11447407 0.0011723621 -0.0021091943)
(0.11540219 0.0011213817 -0.0020651845)
(0.11627239 0.0010684913 -0.0020177938)
(0.11708974 0.0010149025 -0.0019661528)
(0.11786041 0.00095894097 -0.0019115105)
(0.11858889 0.00090047884 -0.0018553979)
(0.11927869 0.00084031941 -0.0017991189)
(0.11993277 0.00077965823 -0.0017438119)
(0.12055352 0.00071979248 -0.0016901941)
(0.12114301 0.0006618346 -0.0016384993)
(0.12170312 0.00060658051 -0.0015886199)
(0.12223567 0.00055458332 -0.0015402006)
(0.12274235 0.00050628773 -0.0014926353)
(0.12322481 0.0004621332 -0.0014450125)
(0.12368473 0.00042262123 -0.0013960613)
(0.12412377 0.00038832685 -0.0013440093)
(0.12454333 0.00035972662 -0.0012863309)
(0.12494309 0.00033648862 -0.0012190906)
(0.1253187 0.00031466691 -0.0011354468)
(0.12575111 0.00027945106 -0.0010251645)
(0.10071025 -0.00099373176 -0.0010944259)
(0.1024666 -0.0013555602 -0.0016840633)
(0.10434621 -0.0014300877 -0.0019462664)
(0.10596914 -0.0014438045 -0.0020857067)
(0.10741269 -0.0014362856 -0.0021700495)
(0.10877589 -0.0014094346 -0.0022123651)
(0.11007186 -0.001370041 -0.0022218253)
(0.11128744 -0.0013253691 -0.0022092237)
(0.11242007 -0.0012795867 -0.0021828102)
(0.11347604 -0.0012347713 -0.0021474769)
(0.1144623 -0.0011921584 -0.0021059523)
(0.11538403 -0.0011525851 -0.0020597592)
(0.11624548 -0.001116445 -0.0020095896)
(0.11705106 -0.00108342 -0.0019555809)
(0.11780545 -0.00105372 -0.001898158)
(0.11851282 -0.0010273611 -0.0018382229)
(0.11917665 -0.0010040009 -0.001776802)
(0.1197999 -0.00098311708 -0.0017148553)
(0.12038519 -0.00096412441 -0.0016531327)
(0.12093501 -0.00094643261 -0.0015920914)
(0.12145186 -0.00092949982 -0.0015319262)
(0.1219383 -0.0009128273 -0.0014726577)
(0.12239702 -0.00089590383 -0.0014141232)
(0.12283081 -0.00087814287 -0.0013558972)
(0.12324274 -0.0008588122 -0.0012973842)
(0.12363604 -0.0008369344 -0.0012378062)
(0.12401375 -0.00081116821 -0.0011758835)
(0.12437713 -0.00077915987 -0.0011094408)
(0.1247222 -0.00073512033 -0.0010337056)
(0.12512028 -0.00066480085 -0.00093862054)
(0.098507982 -0.00098588058 -0.0010622203)
(0.098432124 -0.0013412229 -0.0016298825)
(0.097918261 -0.0013962426 -0.0018725624)
(0.096975363 -0.0013843328 -0.0019893281)
(0.095949615 -0.0013509542 -0.0020481012)
(0.094975703 -0.0012986121 -0.0020624215)
(0.094048583 -0.0012340127 -0.00204176)
(0.093146377 -0.0011648033 -0.0019974945)
(0.092264192 -0.0010955449 -0.0019385086)
(0.091405484 -0.001028466 -0.0018701724)
(0.090573079 -0.00096471864 -0.0017955667)
(0.089767666 -0.0009049111 -0.0017165219)
(0.08898916 -0.00084926415 -0.0016340842)
(0.088237741 -0.00079769512 -0.0015488339)
(0.087514012 -0.00075012359 -0.0014613457)
(0.086818544 -0.00070646793 -0.0013725609)
(0.086151424 -0.00066653181 -0.0012836584)
(0.085512217 -0.00063001827 -0.0011957973)
(0.084900141 -0.00059657421 -0.0011099285)
(0.084314277 -0.00056581906 -0.0010266738)
(0.083753786 -0.00053737878 -0.00094629936)
(0.083218065 -0.00051090198 -0.0008689082)
(0.082706813 -0.00048604809 -0.00079443245)
(0.082220075 -0.00046244904 -0.0007224676)
(0.081758342 -0.00043966261 -0.0006524088)
(0.081322513 -0.00041707514 -0.00058388709)
(0.08091408 -0.00039370313 -0.00051633147)
(0.080535852 -0.00036715795 -0.0004492396)
(0.080191591 -0.00032906903 -0.00038343926)
(0.079812145 -0.00026169728 -0.00032581315)
(0.097227779 0.00096178098 -0.00079951741)
(0.096218183 0.0012967416 -0.001200232)
(0.094365099 0.0013346841 -0.001356382)
(0.091885191 0.0013066259 -0.0014209214)
(0.089344856 0.0012592061 -0.0014435451)
(0.08693647 0.0011948776 -0.0014340855)
(0.084650516 0.0011197949 -0.001399764)
(0.082461247 0.0010412025 -0.0013491119)
(0.080366746 0.00096334016 -0.0012889333)
(0.078373407 0.00088807801 -0.00122367)
(0.076484433 0.00081614571 -0.0011562615)
(0.07469911 0.0007476179 -0.0010889185)
(0.073015165 0.00068202059 -0.001023583)
(0.071428938 0.00061956181 -0.00096252258)
(0.069934956 0.00055924573 -0.00090710468)
(0.068527144 0.00050079561 -0.00085737108)
(0.067199827 0.00044443644 -0.00081253239)
(0.065948194 0.00039068053 -0.00077144763)
(0.064768363 0.00034013514 -0.00073301562)
(0.063657142 0.00029332714 -0.00069643819)
(0.062611688 0.00025059587 -0.00066124469)
(0.061629267 0.00021208799 -0.0006271336)
(0.060707225 0.00017781256 -0.00059379658)
(0.059843123 0.00014769828 -0.00056079651)
(0.059034986 0.00012162786 -0.00052748016)
(0.058281636 9.9434763e-05 -0.00049287796)
(0.057583321 8.0824805e-05 -0.00045556947)
(0.056942916 6.4967793e-05 -0.00041336742)
(0.056360753 4.805648e-05 -0.00036173856)
(0.05568299 3.744808e-05 -0.00030767006)
(0.099371479 0.00097371828 -0.00082562567)
(0.10013561 0.0013290766 -0.0012542383)
(0.10060709 0.0014035867 -0.0014385516)
(0.1006101 0.0014177263 -0.0015321145)
(0.10043327 0.0014098174 -0.0015826699)
(0.10022884 0.0013815193 -0.0016001617)
(0.10000479 0.0013394233 -0.0015922204)
(0.0997434 0.0012905095 -0.0015672307)
(0.099443902 0.0012385305 -0.0015316022)
(0.099114836 0.0011850087 -0.0014894044)
(0.098763703 0.0011304786 -0.0014432007)
(0.098395106 0.0010749278 -0.0013946861)
(0.09801224 0.0010179583 -0.0013449064)
(0.097618116 0.00095991254 -0.0012943172)
(0.097215971 0.00090010232 -0.0012436628)
(0.096808206 0.00083856876 -0.0011936233)
(0.096396661 0.00077594289 -0.0011447074)
(0.095982843 0.00071319881 -0.0010972931)
(0.09556802 0.00065141663 -0.0010516153)
(0.095153274 0.00059159533 -0.001007752)
(0.094739572 0.00053454919 -0.00096565703)
(0.094327805 0.00048090715 -0.00092518578)
(0.093918837 0.00043117617 -0.00088609068)
(0.09351359 0.00038580312 -0.00084799756)
(0.093113155 0.00034521348 -0.00081036744)
(0.092718961 0.00030980788 -0.00077240463)
(0.092333074 0.00027988255 -0.00073282925)
(0.091958873 0.00025535804 -0.00068911371)
(0.091600753 0.00023509259 -0.0006342131)
(0.091170661 0.00021745731 -0.00055625524)
(0.09937147 -0.00097379486 -0.0008256252)
(0.10013557 -0.0013292453 -0.0012542364)
(0.10060698 -0.0014038922 -0.0014385467)
(0.10060987 -0.0014182546 -0.0015321034)
(0.10043283 -0.0014107154 -0.0015826463)
(0.10022803 -0.0013830294 -0.0016001132)
(0.10000337 -0.0013419377 -0.0015921238)
(0.099740971 -0.0012946507 -0.001567043)
(0.099439848 -0.0012452659 -0.0015312467)
(0.099108227 -0.0011958072 -0.0014887498)
(0.098753199 -0.0011475076 -0.0014420374)
(0.098378909 -0.0011012639 -0.0013927195)
(0.09798809 -0.0010576752 -0.0013418352)
(0.097583234 -0.0010169456 -0.0012900282)
(0.097166792 -0.00097932087 -0.0012378492)
(0.096740888 -0.00094481162 -0.001185865)
(0.09630726 -0.00091312407 -0.0011345991)
(0.095867412 -0.00088376766 -0.0010844846)
(0.095422762 -0.0008561822 -0.0010358347)
(0.094974741 -0.00082982034 -0.00098882498)
(0.09452487 -0.0008041889 -0.00094350735)
(0.094074807 -0.00077884526 -0.00089983913)
(0.093626389 -0.00075336081 -0.00085769449)
(0.093181678 -0.00072727937 -0.00081685766)
(0.092743051 -0.00070008416 -0.00077700814)
(0.092313318 -0.0006711676 -0.0007376607)
(0.091895896 -0.00063980071 -0.00069794141)
(0.091495192 -0.00060507266 -0.00065584397)
(0.091115453 -0.00056572797 -0.00060490943)
(0.090660872 -0.00052246013 -0.00053353855)
(0.097227754 -0.00096181091 -0.00079951633)
(0.096218095 -0.0012968051 -0.0012002277)
(0.094364885 -0.001334796 -0.001356371)
(0.091884764 -0.0013068157 -0.0014208969)
(0.08934408 -0.0012595243 -0.0014434935)
(0.086935129 -0.001195408 -0.0014339808)
(0.084648269 -0.0011206736 -0.0013995557)
(0.082457566 -0.0010426469 -0.0013487052)
(0.080360838 -0.00096569255 -0.0012881518)
(0.078364111 -0.00089187171 -0.0012221919)
(0.07647011 -0.00082220816 -0.0011535079)
(0.074677535 -0.00075723474 -0.0010838654)
(0.072983399 -0.00069715902 -0.0010144414)
(0.071384407 -0.00064194519 -0.00094601614)
(0.069877231 -0.00059146719 -0.00087918007)
(0.068458344 -0.0005455282 -0.00081449456)
(0.067123884 -0.00050383155 -0.00075249304)
(0.065869725 -0.00046600336 -0.00069361897)
(0.064691649 -0.00043163866 -0.00063817574)
(0.063585525 -0.00040033479 -0.0005862994)
(0.062547466 -0.0003717105 -0.00053795859)
(0.061573951 -0.0003454122 -0.00049298663)
(0.060661911 -0.00032110244 -0.0004511129)
(0.059808801 -0.00029844057 -0.0004119781)
(0.059012712 -0.00027706227 -0.00037514375)
(0.058272539 -0.00025655141 -0.0003400842)
(0.057588341 -0.00023637523 -0.00030603111)
(0.056962101 -0.0002155314 -0.00027170736)
(0.056392005 -0.00019019063 -0.00023370514)
(0.055721087 -0.00016812908 -0.00019920126)
)
;

boundaryField
{
    maxY
    {
        type            fixedValue;
        value           uniform (0 0 0);
    }
    minX
    {
        type            fixedValue;
        value           uniform (0.1 0 0);
    }
    maxX
    {
        type            inletOutlet;
        inletValue      uniform (0 0 0);
        value           nonuniform List<vector> 
40
(
(0.055682983 3.7455395e-05 0.00030766809)
(0.091170625 0.00021746747 0.0005562625)
(0.090660868 -0.00052245924 0.00053354364)
(0.055721074 -0.00016813043 0.00019920372)
(0.079371558 7.2909605e-05 0.0007804859)
(0.12575109 0.00027945374 0.001025185)
(0.12512027 -0.00066480412 0.00093864)
(0.079812132 -0.00026169905 0.00032582745)
(0.084110316 -1.7424113e-05 0.00080879302)
(0.13244758 0.00021630174 0.00050187508)
(0.13158981 -0.00059329004 0.00037377013)
(0.0845425 -0.00020246964 -0.00010144933)
(0.08419336 0.00031184948 0.0011535453)
(0.1321861 0.00079679934 -2.4679379e-05)
(0.13252274 -0.00019289396 -0.00022383476)
(0.085104446 -6.7690635e-05 -0.00039438048)
(0.082904661 0.001260324 0.00067851244)
(0.12897009 0.0024266355 -0.00024408613)
(0.13289606 0.00090770612 -0.00042363401)
(0.08564409 0.0003019509 -0.00037496483)
(0.082904543 0.0012604028 -0.00067843931)
(0.12896981 0.0024267634 0.00024401254)
(0.13289606 0.00090780182 0.00042354975)
(0.085644175 0.0003019859 0.0003748982)
(0.084193271 0.0003119115 -0.0011535768)
(0.13218589 0.00079690389 2.4693896e-05)
(0.13252278 -0.00019283061 0.0002238572)
(0.085104454 -6.76734e-05 0.00039438836)
(0.084110275 -1.7413307e-05 -0.00080881271)
(0.13244755 0.00021632119 -0.00050184751)
(0.13158982 -0.00059327277 -0.00037374907)
(0.084542507 -0.00020246325 0.00010146144)
(0.079371534 7.2906054e-05 -0.00078049773)
(0.12575111 0.00027945106 -0.0010251645)
(0.12512028 -0.00066480085 -0.00093862054)
(0.079812145 -0.00026169728 -0.00032581315)
(0.05568299 3.744808e-05 -0.00030767006)
(0.091170661 0.00021745731 -0.00055625524)
(0.090660872 -0.00052246013 -0.00053353855)
(0.055721087 -0.00016812908 -0.00019920126)
)
;
    }
    minZ
    {
        type            fixedValue;
        value           uniform (0 0 0);
    }
    maxZ
    {
        type            fixedValue;
        value           uniform (0 0 0);
    }
    topAir_to_rightSolid
    {
        type            fixedValue;
        value           uniform (0 0 0);
    }
    topAir_to_heater
    {
        type            fixedValue;
        value           uniform (0 0 0);
    }
    topAir_to_leftSolid
    {
        type            fixedValue;
        value           uniform (0 0 0);
    }
}


// ************************************************************************* //
