/*--------------------------------*- C++ -*----------------------------------*\
| =========                 |                                                 |
| \\      /  F ield         | OpenFOAM: The Open Source CFD Toolbox           |
|  \\    /   O peration     | Version:  2212                                  |
|   \\  /    A nd           | Website:  www.openfoam.com                      |
|    \\/     M anipulation  |                                                 |
\*---------------------------------------------------------------------------*/
FoamFile
{
    version     2.0;
    format      ascii;
    arch        "LSB;label=32;scalar=64";
    class       surfaceScalarField;
    location    "10/bottomWater";
    object      phi;
}
// * * * * * * * * * * * * * * * * * * * * * * * * * * * * * * * * * * * * * //

dimensions      [1 0 -1 0 0 0 0];

oriented        oriented;

internalField   nonuniform List<scalar> 
3858
(
7.4253318e-05
3.5589977e-06
2.1876844e-06
6.9199796e-05
2.9678858e-06
2.0856357e-06
6.5809965e-05
1.9229358e-06
1.4668952e-06
6.385361e-05
1.1206058e-06
8.3574952e-07
6.2946308e-05
6.0452392e-07
3.0277863e-07
6.2772518e-05
3.1070576e-07
-1.3691565e-07
6.3142464e-05
1.5618533e-07
-5.26132e-07
6.399699e-05
7.5547097e-08
-9.3007307e-07
6.53421e-05
3.0541503e-08
-1.375651e-06
6.7209805e-05
1.192006e-09
-1.8688976e-06
6.9610192e-05
-2.3056259e-08
-2.3773308e-06
7.2412356e-05
-4.3337963e-08
-2.7588252e-06
7.5275541e-05
-6.2192935e-08
-2.8009925e-06
7.6956292e-05
-5.7529356e-08
-1.623222e-06
7.7397435e-05
-4.1082576e-08
-4.0005965e-07
7.6801861e-05
-3.0488879e-08
6.2606237e-07
7.5330021e-05
-2.0084346e-08
1.4919243e-06
7.2989683e-05
-1.1500488e-08
2.3518386e-06
7.031063e-05
-9.7316321e-09
2.6887844e-06
6.7784527e-05
-1.2259589e-08
2.5383633e-06
6.5660567e-05
-1.3185789e-08
2.1371458e-06
6.3998852e-05
-1.0129147e-08
1.6718438e-06
6.2760233e-05
-5.3911471e-09
1.2440099e-06
6.1865868e-05
-1.4778313e-09
8.9584314e-07
6.1233556e-05
1.1387094e-09
6.3117293e-07
6.0793643e-05
2.565561e-09
4.3734722e-07
6.0492405e-05
3.0165537e-09
2.9822151e-07
6.0290268e-05
3.0670359e-09
1.9907066e-07
6.01594e-05
2.880202e-09
1.2798779e-07
4.2448947e-09
8.0323253e-08
7.9837127e-05
1.3685336e-06
2.3533375e-06
7.9259189e-05
1.1766838e-06
2.3691395e-06
7.8748269e-05
7.4804049e-07
1.6858154e-06
7.84715e-05
4.0887474e-07
9.8850048e-07
7.8494744e-05
1.9491198e-07
3.8636734e-07
7.8853422e-05
8.1088232e-08
-1.2906031e-07
7.9571827e-05
2.817369e-08
-5.9039352e-07
8.0713004e-05
5.321459e-09
-1.0709514e-06
8.2356175e-05
-7.1045704e-09
-1.6055246e-06
8.457901e-05
-1.407994e-08
-2.2075634e-06
8.7423975e-05
-1.956468e-08
-2.8484562e-06
9.0783745e-05
-2.6042447e-08
-3.3770654e-06
9.4283361e-05
-3.0314651e-08
-3.5314946e-06
9.6542207e-05
-2.8806684e-08
-2.2875685e-06
9.7377642e-05
-2.078303e-08
-8.5573421e-07
9.698339e-05
-1.3908815e-08
3.7767189e-07
9.5480909e-05
-6.967965e-09
1.4893644e-06
9.2897888e-05
-2.3296858e-09
2.5738505e-06
8.9767566e-05
-3.4330219e-10
3.1209333e-06
8.6672536e-05
-1.4286195e-09
3.0841992e-06
8.3968654e-05
-2.4510969e-09
2.6931472e-06
8.1789778e-05
-1.4512161e-09
2.1701984e-06
8.0130791e-05
4.3305938e-10
1.6531625e-06
7.8915584e-05
1.6174794e-09
1.2121116e-06
7.804843e-05
2.2783836e-09
8.660148e-07
7.7441647e-05
2.4112587e-09
6.0693714e-07
7.7024372e-05
2.2426972e-09
4.180483e-07
7.6743492e-05
1.9953905e-09
2.8195198e-07
7.6560847e-05
1.8823005e-09
1.8364315e-07
2.2165195e-09
1.1682938e-07
8.0389886e-05
-1.36841e-06
2.3470579e-06
8.0374654e-05
-1.1765108e-06
2.3684259e-06
8.0178902e-05
-7.4795262e-07
1.6917458e-06
7.9999857e-05
-4.0888589e-07
9.9680504e-07
7.9997669e-05
-1.94966e-07
3.9206586e-07
8.0288301e-05
-8.1138504e-08
-1.2840504e-07
8.0939147e-05
-2.8202761e-08
-5.9446982e-07
8.2029153e-05
-5.3299092e-09
-1.0793538e-06
8.3632701e-05
7.1126843e-09
-1.6177654e-06
8.582874e-05
1.4097011e-08
-2.2242163e-06
8.8659648e-05
1.9587038e-08
-2.87006e-06
9.2013147e-05
2.6066402e-08
-3.4056069e-06
9.5523742e-05
3.0337864e-08
-3.5712477e-06
9.7809763e-05
2.8829584e-08
-2.3436577e-06
9.8679089e-05
2.0805639e-08
-9.1091434e-07
9.8320329e-05
1.3932066e-08
3.3091872e-07
9.6842547e-05
6.9921241e-09
1.463822e-06
9.426955e-05
2.3565436e-09
2.5683105e-06
9.1132942e-05
3.6260608e-10
3.1359024e-06
8.8012802e-05
1.4540709e-09
3.1172576e-06
8.5270754e-05
2.472759e-09
2.7371236e-06
8.3051726e-05
1.4738455e-09
2.2161033e-06
8.1357854e-05
-4.1855476e-10
1.6947241e-06
8.0114627e-05
-1.60027e-09
1.2464441e-06
7.92264e-05
-2.2596514e-09
8.9276535e-07
7.8604256e-05
-2.3889184e-09
6.2694443e-07
7.8176161e-05
-2.2095668e-09
4.3254729e-07
7.7887953e-05
-1.9447899e-09
2.9214775e-07
7.7701089e-05
-1.8047365e-09
1.9055074e-07
-2.1154884e-09
1.2121865e-07
7.9837172e-05
-3.5589194e-06
2.3533379e-06
7.9259299e-05
-2.9677814e-06
2.3691431e-06
7.8748408e-05
-1.9228847e-06
1.6858229e-06
7.8471627e-05
-1.1206154e-06
9.8851121e-07
7.8494839e-05
-6.0455893e-07
3.8638009e-07
7.8853486e-05
-3.1073734e-07
-1.2904823e-07
7.9571868e-05
-1.5620253e-07
-5.9038197e-07
8.0713029e-05
-7.5549543e-08
-1.0709414e-06
8.2356189e-05
-3.0532424e-08
-1.6055148e-06
8.4579019e-05
-1.1777349e-09
-2.2075553e-06
8.7423979e-05
2.3077794e-08
-2.8484501e-06
9.0783745e-05
4.3360241e-08
-3.3770606e-06
9.4283359e-05
6.2213862e-08
-3.53149e-06
9.6542205e-05
5.7548354e-08
-2.2875642e-06
9.7377641e-05
4.1099647e-08
-8.5572998e-07
9.6983389e-05
3.0505041e-08
3.7767862e-07
9.5480909e-05
2.0099394e-08
1.489373e-06
9.2897891e-05
1.15142e-08
2.5738606e-06
8.9767567e-05
9.7434388e-09
3.1209434e-06
8.6672539e-05
1.2270738e-08
3.0842108e-06
8.3968657e-05
1.3195413e-08
2.6931591e-06
8.1789782e-05
1.0138322e-08
2.1702104e-06
8.0130792e-05
5.3978922e-09
1.6531737e-06
7.8915585e-05
1.4847325e-09
1.2121225e-06
7.8048432e-05
-1.1311436e-09
8.6602447e-07
7.7441652e-05
-2.5536805e-09
6.069446e-07
7.7024388e-05
-2.9968529e-09
4.1805152e-07
7.6743523e-05
-3.030458e-09
2.8195009e-07
7.6560904e-05
-2.8227899e-09
1.8363744e-07
-4.1728059e-09
1.1682239e-07
7.4253394e-05
2.187687e-06
6.9199968e-05
2.0856441e-06
6.5810175e-05
1.4669085e-06
6.3853793e-05
8.3576623e-07
6.2946437e-05
3.0279775e-07
6.2772596e-05
-1.368969e-07
6.3142506e-05
-5.2611222e-07
6.399701e-05
-9.3005333e-07
6.5342108e-05
-1.3756311e-06
6.7209808e-05
-1.8688772e-06
6.9610195e-05
-2.3773094e-06
7.2412358e-05
-2.7588028e-06
7.5275542e-05
-2.80097e-06
7.6956294e-05
-1.6232033e-06
7.7397438e-05
-4.0004486e-07
7.6801866e-05
6.2607683e-07
7.5330029e-05
1.4919373e-06
7.2989692e-05
2.3518506e-06
7.0310639e-05
2.6887966e-06
6.7784533e-05
2.5383764e-06
6.5660568e-05
2.1371607e-06
6.3998846e-05
1.6718604e-06
6.2760216e-05
1.2440283e-06
6.1865839e-05
8.9586129e-07
6.1233517e-05
6.3119106e-07
6.0793601e-05
4.3736215e-07
6.0492372e-05
2.9823245e-07
6.0290267e-05
1.9907441e-07
6.0159458e-05
1.2798594e-07
8.0317354e-08
7.722187e-05
3.725891e-06
1.2399233e-06
7.4746666e-05
3.2446793e-06
1.3161608e-06
7.3206164e-05
2.088791e-06
9.1860592e-07
7.2406984e-05
1.2299636e-06
4.0496613e-07
7.2150903e-05
6.7825388e-07
-1.1939432e-07
7.2343755e-05
3.514081e-07
-6.8117547e-07
7.2941507e-05
1.7193094e-07
-1.2958151e-06
7.3974553e-05
7.5160035e-08
-2.0382792e-06
7.5552904e-05
1.7670477e-08
-2.9716725e-06
7.7844104e-05
-2.3769502e-08
-4.1363282e-06
8.1069412e-05
-6.0432931e-08
-5.5422055e-06
8.5269221e-05
-8.1069397e-08
-6.877565e-06
9.0069861e-05
-8.47104e-08
-7.5169224e-06
9.1389217e-05
3.2589854e-08
-2.9751673e-06
9.1028438e-05
9.6462324e-08
-1.3574291e-07
9.0016527e-05
1.0499794e-07
1.5329752e-06
8.8298679e-05
8.124562e-08
3.1285267e-06
8.5113999e-05
7.8054063e-08
5.4584639e-06
8.1735653e-05
4.7925062e-08
6.0192055e-06
7.8738998e-05
4.3721998e-09
5.5306468e-06
7.6343427e-05
-2.2073271e-08
4.55479e-06
7.4556823e-05
-2.8775094e-08
3.4872224e-06
7.3269156e-05
-2.386844e-08
2.555545e-06
7.2355678e-05
-1.6233838e-08
1.8255555e-06
7.1714501e-05
-9.4599968e-09
1.28181e-06
7.1269706e-05
-4.743743e-09
8.8688615e-07
7.0965926e-05
-1.8332927e-09
6.0383441e-07
7.0763624e-05
-1.0457211e-10
4.0147691e-07
7.0635041e-05
1.1097489e-09
2.5546139e-07
3.403143e-09
1.5361393e-07
8.328375e-05
1.4467351e-06
1.3487432e-06
8.6111245e-05
1.2949186e-06
1.4914052e-06
8.8016189e-05
8.1519604e-07
1.0544667e-06
8.9301977e-05
4.4998848e-07
4.8268748e-07
9.0254277e-05
2.2198315e-07
-1.0966219e-07
9.1139238e-05
9.5736169e-08
-7.5834875e-07
9.2162419e-05
3.4070318e-08
-1.4757137e-06
9.3507963e-05
6.5569363e-09
-2.3478926e-06
9.5383553e-05
-9.0756767e-09
-3.4543682e-06
9.8027264e-05
-1.8299654e-08
-4.856744e-06
0.00010173834
-2.8376928e-08
-6.5915904e-06
0.00010667857
-3.7414229e-08
-8.3609513e-06
0.00011251553
-3.5362234e-08
-9.4178039e-06
0.00011471293
-6.4924707e-10
-4.4517263e-06
0.00011491243
2.4112267e-08
-9.8287862e-07
0.00011407716
3.0249178e-08
1.2876883e-06
0.0001123027
2.2416998e-08
3.3226483e-06
0.00010879265
1.6746515e-08
6.1452148e-06
0.00010480914
8.2052174e-09
7.1441634e-06
0.00010107228
-6.1379415e-09
6.8315669e-06
9.7943719e-05
-1.5988922e-08
5.8156218e-06
9.552683e-05
-1.6644341e-08
4.5749565e-06
9.3747289e-05
-1.290919e-08
3.4217444e-06
9.2470806e-05
-8.5300218e-09
2.4808901e-06
9.1570835e-05
-5.0193929e-09
1.7615457e-06
9.0945789e-05
-2.6274218e-09
1.229867e-06
9.0518899e-05
-1.1194227e-09
8.4422397e-07
9.0234433e-05
-1.4181576e-10
5.6645522e-07
9.0053434e-05
5.2813176e-10
3.6522398e-07
1.4009491e-09
2.2354076e-07
8.3889661e-05
-1.4465962e-06
1.3507279e-06
8.7352705e-05
-1.2947331e-06
1.4950345e-06
8.9615583e-05
-8.1511781e-07
1.0591811e-06
9.1024907e-05
-4.5003325e-07
4.8750312e-07
9.1967996e-05
-2.2208536e-07
-1.0695442e-07
9.2791398e-05
-9.5837974e-08
-7.6023351e-07
9.3747234e-05
-3.4147554e-08
-1.4820871e-06
9.5039421e-05
-6.6065527e-09
-2.3583775e-06
9.6872434e-05
9.0390102e-09
-3.4688934e-06
9.9488275e-05
1.8282128e-08
-4.8766387e-06
0.00010318136
2.8367082e-08
-6.6198899e-06
0.00010810647
3.7406468e-08
-8.4055332e-06
0.00011395296
3.5353973e-08
-9.4884599e-06
0.00011621171
6.3375088e-10
-4.6036893e-06
0.00011649606
-2.4120147e-08
-1.1470351e-06
0.00011570868
-3.0255903e-08
1.1788104e-06
0.00011395846
-2.242356e-08
3.2588815e-06
0.00011044985
-1.6754708e-08
6.1104166e-06
0.00010645094
-8.2160609e-09
7.1512376e-06
0.00010267534
6.1205207e-09
6.8806034e-06
9.9489695e-05
1.5970329e-08
5.8908046e-06
9.7017122e-05
1.662533e-08
4.6554065e-06
9.5192067e-05
1.2890953e-08
3.4939788e-06
9.3881732e-05
8.5141214e-09
2.5397351e-06
9.2957799e-05
5.0084777e-09
1.8066704e-06
9.2316358e-05
2.625928e-09
1.2631327e-06
9.1878557e-05
1.1370515e-09
8.6809118e-07
9.1587217e-05
1.9356895e-10
5.8315248e-07
9.1402273e-05
-4.5143559e-10
3.764742e-07
-1.2930111e-09
2.3063889e-07
8.3283801e-05
-3.7258033e-06
1.3487439e-06
8.6111371e-05
-3.2445681e-06
1.491408e-06
8.801635e-05
-2.0887467e-06
1.0544724e-06
8.9302127e-05
-1.2299939e-06
4.8269534e-07
9.0254392e-05
-6.7831796e-07
-1.0965226e-07
9.1139316e-05
-3.5147053e-07
-7.583395e-07
9.2162469e-05
-1.7197693e-07
-1.4757063e-06
9.3508001e-05
-7.5187948e-08
-2.3478912e-06
9.5383573e-05
-1.7685171e-08
-3.4543632e-06
9.8027275e-05
2.3764649e-08
-4.8567399e-06
0.00010173835
6.0433132e-08
-6.5915885e-06
0.00010667857
8.107049e-08
-8.3609506e-06
0.00011251553
8.4709732e-08
-9.4178051e-06
0.00011471293
-3.2592556e-08
-4.4517313e-06
0.00011491242
-9.6463814e-08
-9.8288226e-07
0.00011407715
-1.0499875e-07
1.2876894e-06
0.0001123027
-8.1246642e-08
3.3226528e-06
0.00010879264
-7.8056876e-08
6.1452197e-06
0.00010480913
-4.7931272e-08
7.1441672e-06
0.00010107228
-4.3826753e-09
6.8315702e-06
9.7943719e-05
2.2060811e-08
5.8156257e-06
9.5526832e-05
2.876113e-08
4.5749619e-06
9.3747292e-05
2.3853359e-08
3.4217507e-06
9.2470812e-05
1.6220088e-08
2.4808968e-06
9.1570844e-05
9.4483725e-09
1.7615521e-06
9.0945804e-05
4.7390985e-09
1.2298721e-06
9.0518924e-05
1.8413986e-09
8.442272e-07
9.0234482e-05
1.290103e-10
5.6645579e-07
9.0053498e-05
-1.0517533e-09
3.6522191e-07
-3.3280796e-09
2.2353927e-07
7.7221959e-05
1.2399247e-06
7.4746869e-05
1.3161656e-06
7.3206416e-05
9.1861488e-07
7.240721e-05
4.0497828e-07
7.2151069e-05
-1.1937878e-07
7.2343861e-05
-6.8115945e-07
7.294157e-05
-1.2957983e-06
7.3974591e-05
-2.0382617e-06
7.5552927e-05
-2.9716522e-06
7.7844119e-05
-4.1363047e-06
8.1069421e-05
-5.5421783e-06
8.5269222e-05
-6.8775339e-06
9.0069855e-05
-7.5168924e-06
9.1389206e-05
-2.975147e-06
9.1028425e-05
-1.3572782e-07
9.0016518e-05
1.5329852e-06
8.8298674e-05
3.1285348e-06
8.5113999e-05
5.4584682e-06
8.1735656e-05
6.019208e-06
7.8739001e-05
5.5306493e-06
7.6343427e-05
4.5547957e-06
7.4556816e-05
3.4872319e-06
7.3269141e-05
2.5555574e-06
7.2355653e-05
1.8255693e-06
7.1714468e-05
1.2818242e-06
7.126967e-05
8.8689909e-07
7.09659e-05
6.038436e-07
7.0763622e-05
4.0148159e-07
7.0635092e-05
2.5546386e-07
1.5361435e-07
7.6996438e-05
3.7208678e-06
5.2261767e-07
7.4442239e-05
3.249922e-06
6.2043773e-07
7.2853803e-05
2.0883394e-06
4.187027e-07
7.1965489e-05
1.2257758e-06
6.750432e-08
7.1519182e-05
6.7165035e-07
-3.4473761e-07
7.1359421e-05
3.4238927e-07
-8.6380437e-07
7.1451751e-05
1.5852355e-07
-1.5466679e-06
7.1847781e-05
5.3976764e-08
-2.4882864e-06
7.2720716e-05
-1.5408627e-08
-3.8291989e-06
7.4418562e-05
-7.6682479e-08
-5.7574915e-06
7.764237e-05
-1.4854557e-07
-8.6174684e-06
8.3263848e-05
-1.9919953e-07
-1.2299843e-05
9.2549497e-05
-2.2609877e-07
-1.6576473e-05
9.6414159e-05
2.6143165e-08
-6.8659723e-06
9.7544802e-05
1.5599025e-07
-1.4223756e-06
9.7124779e-05
1.6577812e-07
1.7872195e-06
9.5325791e-05
1.5281127e-07
4.7747037e-06
8.9197695e-05
2.0366393e-07
1.1382896e-05
8.3232054e-05
1.1720702e-07
1.1867639e-05
7.8278232e-05
5.133091e-09
1.0479336e-05
7.4863034e-05
-5.2884766e-08
8.0228729e-06
7.2866769e-05
-5.8830774e-08
5.5423185e-06
7.1803443e-05
-4.2750955e-08
3.6616217e-06
7.1263916e-05
-2.4834496e-08
2.3899168e-06
7.0998427e-05
-1.1869136e-08
1.559168e-06
7.0870706e-05
-4.3430192e-09
1.0189502e-06
7.0810208e-05
-5.7404598e-10
6.6490665e-07
7.0781803e-05
8.766044e-10
4.2900528e-07
7.0768002e-05
1.3182522e-09
2.6794409e-07
1.4679782e-09
1.6074978e-07
8.3061961e-05
1.4441766e-06
5.6347345e-07
8.5817586e-05
1.2970709e-06
6.8863127e-07
8.7671169e-05
8.1466026e-07
4.7456247e-07
8.8848501e-05
4.4765923e-07
8.3472854e-08
8.9579232e-05
2.1896257e-07
-3.8770587e-07
9.0058103e-05
9.2569525e-08
-9.8740003e-07
9.0492763e-05
3.0312072e-08
-1.7821623e-06
9.1082255e-05
1.6903865e-09
-2.8850982e-06
9.2098533e-05
-1.9236331e-08
-4.4668178e-06
9.3965528e-05
-3.3227133e-08
-6.7671947e-06
9.7488566e-05
-5.3894959e-08
-1.0209279e-05
0.00010378831
-7.7105948e-08
-1.4782788e-05
0.0001144799
-7.0573734e-08
-2.026492e-05
0.00011982769
1.9808126e-08
-9.7931812e-06
0.00012211719
6.4529833e-08
-3.1809211e-06
0.00012250879
6.2731107e-08
9.9913451e-07
0.00012092141
5.9377154e-08
5.0034698e-06
0.00011436795
6.2347347e-08
1.2839987e-05
0.00010741434
3.2578872e-08
1.4182406e-05
0.00010119123
-1.4075515e-08
1.3073879e-05
9.6539727e-05
-3.5745032e-08
1.0449986e-05
9.3610368e-05
-3.431794e-08
7.4798035e-06
9.1952503e-05
-2.4385689e-08
5.0612433e-06
9.107137e-05
-1.4420132e-08
3.3516094e-06
9.0621118e-05
-7.3409004e-09
2.207269e-06
9.0397249e-05
-3.2084066e-09
1.4526011e-06
9.0288041e-05
-1.0947353e-09
9.5395286e-07
9.0235365e-05
-1.2439852e-10
6.2013285e-07
9.0209871e-05
3.411252e-10
3.9169431e-07
4.7879063e-10
2.3827807e-07
8.3673393e-05
-1.444038e-06
5.655495e-07
8.7071087e-05
-1.2968873e-06
6.9129903e-07
8.9282536e-05
-8.1458633e-07
4.7697806e-07
9.0579873e-05
-4.4770988e-07
8.5535274e-08
9.1297726e-05
-2.1907169e-07
-3.8677274e-07
9.1710885e-05
-9.267881e-08
-9.8814434e-07
9.2074106e-05
-3.0398354e-08
-1.7845981e-06
9.2607583e-05
-1.6964576e-09
-2.8884673e-06
9.3572045e-05
1.9188227e-08
-4.4717798e-06
9.5401144e-05
3.3195736e-08
-6.7721605e-06
9.8890922e-05
5.3867023e-08
-1.021743e-05
0.00010513731
7.7075207e-08
-1.48061e-05
0.00011581664
7.0541367e-08
-2.0308908e-05
0.00012127403
-1.984367e-08
-1.002143e-05
0.00012369816
-6.4568863e-08
-3.4420608e-06
0.00012420765
-6.2765526e-08
7.9481769e-07
0.00012267938
-5.9404371e-08
4.905924e-06
0.00011615858
-6.2371096e-08
1.2755936e-05
0.00010920011
-3.2604324e-08
1.4174899e-05
0.00010289711
1.4040564e-08
1.3155486e-05
9.8133323e-05
3.5710196e-08
1.0583133e-05
9.5106893e-05
3.4283592e-08
7.6132346e-06
9.3381652e-05
2.4354315e-08
5.1704806e-06
9.2459987e-05
1.4392478e-08
3.4325867e-06
9.1987831e-05
7.3202024e-09
2.2641659e-06
9.1752998e-05
3.1971501e-09
1.4915597e-06
9.1638581e-05
1.1023874e-09
9.8031178e-07
9.1583635e-05
1.5513974e-10
6.3781812e-07
9.1557359e-05
-2.6024104e-10
4.0335179e-07
-3.7048097e-10
2.4557994e-07
8.3062013e-05
-3.7207797e-06
5.6347227e-07
8.5817715e-05
-3.2498113e-06
6.8863063e-07
8.7671334e-05
-2.0882974e-06
4.7456442e-07
8.8848651e-05
-1.2258096e-06
8.3477556e-08
8.9579347e-05
-6.7171879e-07
-3.8770027e-07
9.0058178e-05
-3.4245618e-07
-9.8739388e-07
9.0492802e-05
-1.5857306e-07
-1.782155e-06
9.1082303e-05
-5.4002921e-08
-2.8850856e-06
9.2098552e-05
1.5388906e-08
-4.4668136e-06
9.3965535e-05
7.6666861e-08
-6.767194e-06
9.7488564e-05
1.4853101e-07
-1.0209281e-05
0.0001037883
1.9918042e-07
-1.478279e-05
0.00011447988
2.2607668e-07
-2.0264924e-05
0.00011982767
-2.6168664e-08
-9.7931975e-06
0.00012211718
-1.5601382e-07
-3.1809469e-06
0.00012250879
-1.6579558e-07
9.9911065e-07
0.0001209214
-1.5282295e-07
5.0034577e-06
0.00011436795
-2.0367409e-07
1.2839979e-05
0.00010741433
-1.1722061e-07
1.4182397e-05
0.00010119123
-5.1511838e-09
1.3073866e-05
9.6539731e-05
5.2860942e-08
1.0449975e-05
9.3610373e-05
5.8806324e-08
7.4797967e-06
9.1952511e-05
4.2727081e-08
5.0612401e-06
9.1071379e-05
2.4812177e-08
3.3516092e-06
9.0621132e-05
1.1849555e-08
2.2072699e-06
9.0397268e-05
4.3294892e-09
1.452603e-06
9.028807e-05
5.7364214e-10
9.5395415e-07
9.0235405e-05
-8.5827104e-10
6.2013479e-07
9.0209935e-05
-1.2682387e-09
3.9169973e-07
-1.3955868e-09
2.3828544e-07
7.6996529e-05
5.2261613e-07
7.4442447e-05
6.2043659e-07
7.2854059e-05
4.1870472e-07
7.1965718e-05
6.7509717e-08
7.1519352e-05
-3.4473081e-07
7.1359532e-05
-8.6379598e-07
7.1451818e-05
-1.5466575e-06
7.1847826e-05
-2.4882725e-06
7.2720746e-05
-3.8291829e-06
7.4418579e-05
-5.7574715e-06
7.7642377e-05
-8.6174455e-06
8.3263836e-05
-1.2299812e-05
9.2549468e-05
-1.6576448e-05
9.6414124e-05
-6.8659711e-06
9.7544774e-05
-1.4223926e-06
9.7124764e-05
1.7872e-06
9.5325784e-05
4.7746921e-06
8.9197695e-05
1.1382882e-05
8.3232063e-05
1.186762e-05
7.8278246e-05
1.0479315e-05
7.4863045e-05
8.0228579e-06
7.2866772e-05
5.5423112e-06
7.1803436e-05
3.6616199e-06
7.1263899e-05
2.3899192e-06
7.0998401e-05
1.5591716e-06
7.0870674e-05
1.0189551e-06
7.0810182e-05
6.6490934e-07
7.0781796e-05
4.2900959e-07
7.0768042e-05
2.6794891e-07
1.6075533e-07
7.6604477e-05
3.7263237e-06
1.9181737e-07
7.3742602e-05
3.2626229e-06
2.1968937e-07
7.1966638e-05
2.092104e-06
1.0256307e-07
7.0922272e-05
1.2228675e-06
-1.1099763e-07
7.0325516e-05
6.688224e-07
-4.1680418e-07
6.9964123e-05
3.4037685e-07
-8.4278836e-07
6.9734022e-05
1.5422519e-07
-1.4707919e-06
6.9648818e-05
3.9758708e-08
-2.4428412e-06
6.9880479e-05
-5.6576385e-08
-4.0042828e-06
7.0859535e-05
-1.6397257e-07
-6.5725748e-06
7.3599334e-05
-3.190692e-07
-1.1038199e-05
7.9839866e-05
-4.0875452e-07
-1.813162e-05
9.0958844e-05
-1.5462738e-08
-2.7679988e-05
8.2478153e-05
1.6147183e-06
7.9745238e-05
1.3105394e-06
8.0637006e-05
8.9545123e-07
8.465752e-05
7.5419057e-07
7.7336438e-05
1.0418106e-06
1.7662167e-05
7.359154e-05
4.6620093e-07
1.5146337e-05
7.1027865e-05
5.1561375e-08
1.2991449e-05
7.0137348e-05
-1.1735378e-07
9.0307432e-06
6.9951266e-05
-1.4277252e-07
5.8711735e-06
7.000691e-05
-1.127702e-07
3.7187481e-06
7.0135229e-05
-7.461726e-08
2.3362152e-06
7.0271684e-05
-4.5296284e-08
1.4680084e-06
7.0391235e-05
-2.6305077e-08
9.2570449e-07
7.0486621e-05
-1.490931e-08
5.8442974e-07
7.0558352e-05
-8.4021404e-09
3.6567666e-07
7.0610076e-05
-4.8276904e-09
2.2104803e-07
-3.8167328e-09
1.2537525e-07
8.2638492e-05
1.4445767e-06
2.0672868e-07
8.5045939e-05
1.3015809e-06
2.4222579e-07
8.6680311e-05
8.1612016e-07
1.1617518e-07
8.7662864e-05
4.4667749e-07
-1.2289029e-07
8.8194827e-05
2.1788507e-07
-4.687316e-07
8.8410677e-05
9.1614244e-08
-9.5448744e-07
8.8428255e-05
2.8287143e-08
-1.6738024e-06
8.8380586e-05
-6.6229975e-09
-2.7910477e-06
8.8484182e-05
-3.4751624e-08
-4.5922379e-06
8.9204746e-05
-7.305271e-08
-7.5786788e-06
9.1619642e-05
-1.3192355e-07
-1.281132e-05
9.7964156e-05
-1.8610388e-07
-2.1349953e-05
0.00011113168
-5.5118003e-08
-3.339279e-05
0.00010227926
6.7396165e-07
9.9787246e-05
6.2162947e-07
0.00010129281
3.8901857e-07
0.00010676164
2.8883574e-07
9.9183762e-05
3.8776557e-07
2.1071908e-05
9.5112253e-05
1.9687318e-07
1.8523243e-05
9.1803195e-05
1.6694515e-08
1.6417804e-05
9.0274899e-05
-5.9633132e-08
1.1920561e-05
8.9671424e-05
-6.806239e-08
8.0085684e-06
8.948958e-05
-5.2210563e-08
5.1825277e-06
8.9501152e-05
-3.3526435e-08
3.2989464e-06
8.9594119e-05
-1.9629634e-08
2.0886346e-06
8.9708433e-05
-1.0969611e-08
1.3229524e-06
8.9815385e-05
-5.99094e-09
8.3808181e-07
8.9903611e-05
-3.2750917e-09
5.267806e-07
8.9971004e-05
-1.9236022e-09
3.2139677e-07
-1.5158398e-09
1.8502136e-07
8.3246628e-05
-1.4444384e-06
2.0793638e-07
8.6297362e-05
-1.3013961e-06
2.4354203e-07
8.8289497e-05
-8.1604266e-07
1.1700602e-07
8.9391136e-05
-4.4672164e-07
-1.2270492e-07
8.9910102e-05
-2.1798493e-07
-4.6986815e-07
9.0062756e-05
-9.1712907e-08
-9.5747158e-07
9.0013647e-05
-2.8361359e-08
-1.6788402e-06
8.9909681e-05
6.5576656e-09
-2.7976825e-06
8.9969884e-05
3.4714122e-08
-4.6014478e-06
9.0640069e-05
7.3021563e-08
-7.5884198e-06
9.2982723e-05
1.3188765e-07
-1.2823896e-05
9.9177477e-05
1.8606608e-07
-2.1373023e-05
0.00011217792
5.5094276e-08
-3.3419567e-05
0.00010350443
-6.7397056e-07
0.0001013056
-6.216091e-07
0.00010287841
-3.8897285e-07
0.00010836196
-2.8878324e-07
0.00010086424
-3.8771359e-07
2.1029131e-05
9.6839306e-05
-1.9684524e-07
1.8593552e-05
9.3448214e-05
-1.6696765e-08
1.657997e-05
9.1808623e-05
5.9612023e-08
1.2103479e-05
9.1116861e-05
6.8035938e-08
8.1688984e-06
9.0877858e-05
5.2184597e-08
5.3050884e-06
9.0858522e-05
3.3504778e-08
3.3848913e-06
9.093764e-05
1.9613279e-08
2.1458052e-06
9.1047225e-05
1.0963271e-08
1.3600423e-06
9.1153603e-05
6.0015276e-09
8.6194114e-07
9.1242781e-05
3.3138755e-09
5.4205092e-07
9.1311182e-05
2.0065006e-09
3.3102057e-07
1.6354961e-09
1.9071759e-07
8.2638544e-05
-3.7262358e-06
2.0672529e-07
8.5046069e-05
-3.2625115e-06
2.4222177e-07
8.6680475e-05
-2.0920597e-06
1.1617464e-07
8.7663016e-05
-1.2228973e-06
-1.2288694e-07
8.8194942e-05
-6.6888515e-07
-4.6872652e-07
8.8410755e-05
-3.4043751e-07
-9.5448238e-07
8.8428308e-05
-1.542706e-07
-1.6737981e-06
8.8380613e-05
-3.9788863e-08
-2.7910441e-06
8.8484194e-05
5.655554e-08
-4.5922367e-06
8.9204747e-05
1.6395471e-07
-7.5786794e-06
9.1619632e-05
3.1904552e-07
-1.2811325e-05
9.7964141e-05
4.0872293e-07
-2.1349955e-05
0.00011113166
1.543952e-08
-3.3392793e-05
0.00010227924
-1.6147404e-06
9.9787218e-05
-1.3105373e-06
0.00010129278
-8.9542708e-07
0.00010676162
-7.5415793e-07
9.9183757e-05
-1.0417778e-06
2.1071903e-05
9.511226e-05
-4.6618368e-07
1.8523232e-05
9.180321e-05
-5.1564606e-08
1.6417784e-05
9.0274914e-05
1.1733676e-07
1.1920546e-05
8.9671436e-05
1.4275225e-07
8.008558e-06
8.9489591e-05
1.1274825e-07
5.1825218e-06
8.9501162e-05
7.4598474e-08
3.2989441e-06
8.9594133e-05
4.5278248e-08
2.0886339e-06
8.9708451e-05
2.6295235e-08
1.3229534e-06
8.9815415e-05
1.490881e-08
8.3808231e-07
8.9903651e-05
8.4280639e-09
5.2678473e-07
8.997107e-05
4.885562e-09
3.2140209e-07
3.8977194e-09
1.8502883e-07
7.6604568e-05
1.9181263e-07
7.374281e-05
2.1968282e-07
7.1966895e-05
1.0256018e-07
7.0922504e-05
-1.1099649e-07
7.0325688e-05
-4.1680067e-07
6.9964239e-05
-8.4278424e-07
6.9734098e-05
-1.4707869e-06
6.9648871e-05
-2.4428345e-06
6.9880518e-05
-4.0042743e-06
7.0859563e-05
-6.5725623e-06
7.359935e-05
-1.1038186e-05
7.9839855e-05
-1.8131594e-05
9.0958816e-05
-2.7679969e-05
8.2478104e-05
7.9745175e-05
8.0636947e-05
8.4657482e-05
7.733644e-05
1.7662147e-05
7.3591566e-05
1.5146311e-05
7.10279e-05
1.2991416e-05
7.0137372e-05
9.0307223e-06
6.9951277e-05
5.8711589e-06
7.0006904e-05
3.7187406e-06
7.0135212e-05
2.3362104e-06
7.0271655e-05
1.4680068e-06
7.0391203e-05
9.2570199e-07
7.0486593e-05
5.8442846e-07
7.0558353e-05
3.6567702e-07
7.0610139e-05
2.2104888e-07
1.2537793e-07
7.6464675e-05
3.7271265e-06
1.5828546e-11
7.3420509e-05
3.26383e-06
2.5877267e-11
7.14314e-05
2.0916524e-06
1.8838164e-11
7.0101527e-05
1.2188677e-06
7.6678311e-12
6.902265e-05
6.6207271e-07
1.0499952e-12
6.7850387e-05
3.2947492e-07
-7.0647503e-13
6.6243994e-05
1.3560138e-07
-6.735758e-13
6.3795239e-05
5.9135066e-09
5.6318106e-13
5.9917346e-05
-1.2639106e-07
1.1982281e-12
5.3640501e-05
-2.957323e-07
2.5052099e-12
4.3277325e-05
-6.7502788e-07
4.5653852e-12
2.6275863e-05
-1.1301623e-06
4.7954647e-12
-1.4041271e-06
1.850246e-12
1.6027602e-05
1.6346742e-06
-1.0925905e-10
3.1240951e-05
-6.6923183e-08
-8.8307751e-11
4.4438325e-05
-2.0590018e-07
-2.4985234e-11
5.3853553e-05
-3.8448754e-07
2.3052896e-12
6.0084369e-05
-3.5965521e-07
1.3138977e-11
6.4045552e-05
-2.4244916e-07
1.4523158e-11
6.6520473e-05
-1.3872053e-07
1.4116831e-11
6.8061975e-05
-7.3505289e-08
1.2453141e-11
6.9024881e-05
-3.7213836e-08
1.2042434e-11
6.9627367e-05
-1.8068767e-08
1.2294042e-11
7.000179e-05
-8.7587613e-09
1.2085692e-11
7.0227703e-05
-4.876486e-09
1.14311e-11
-6.5419706e-09
9.6673321e-12
8.2489371e-05
1.4444681e-06
1.6510601e-11
8.4693494e-05
1.3019062e-06
2.5755822e-11
8.6085486e-05
8.1581848e-07
1.7041046e-11
8.6736317e-05
4.45143e-07
3.8770326e-12
8.6713946e-05
2.1571646e-07
-4.1394338e-12
8.6000271e-05
8.8668196e-08
-5.951973e-12
8.4438173e-05
2.3900837e-08
-4.110656e-12
8.1669286e-05
-1.6246022e-08
-7.5855927e-13
7.7002129e-05
-5.1475036e-08
2.8140311e-12
6.924007e-05
-1.123583e-07
6.7481507e-12
5.5992625e-05
-2.3891375e-07
1.0422422e-11
3.3976046e-05
-4.6355112e-07
1.5003165e-11
-8.2087909e-07
7.6291682e-12
2.1824819e-05
8.8188062e-07
-1.1712567e-10
4.0252236e-05
2.8993486e-08
-9.0041984e-11
5.6601818e-05
-1.3766129e-07
-1.7318826e-11
6.8318098e-05
-1.8022311e-07
1.7307779e-11
7.6135508e-05
-1.6852823e-07
3.1096196e-11
8.119065e-05
-1.1509591e-07
3.2758551e-11
8.4416436e-05
-6.5591033e-08
3.1069891e-11
8.6465753e-05
-3.421518e-08
2.771431e-11
8.7768429e-05
-1.6964548e-08
2.6182303e-11
8.8596437e-05
-8.0185588e-09
2.4176811e-11
8.9118195e-05
-3.7599366e-09
2.3129913e-11
8.9436922e-05
-2.2260445e-09
2.0009746e-11
-2.7046188e-09
1.6603771e-11
8.3096726e-05
-1.444335e-06
1.3263502e-11
8.5943881e-05
-1.3017283e-06
2.1437492e-11
8.7692435e-05
-8.1574431e-07
1.5199649e-11
8.8460054e-05
-4.4518613e-07
4.6883979e-12
8.8421718e-05
-2.1581295e-07
-2.106461e-12
8.7641682e-05
-8.8763178e-08
-3.9353698e-12
8.6010717e-05
-2.397174e-08
-2.5997559e-12
8.3180602e-05
1.618607e-08
3.403985e-13
7.8476241e-05
5.143456e-08
3.6730064e-12
7.0663136e-05
1.1231909e-07
7.3972135e-12
5.7361456e-05
2.3885831e-07
1.1822776e-11
3.5061357e-05
4.6350999e-07
1.5057662e-11
8.2090012e-07
1.0284881e-11
2.2792656e-05
-8.8154154e-07
-1.018921e-10
4.144412e-05
-2.8845508e-08
-7.375537e-11
5.774876e-05
1.3767495e-07
-6.8061308e-12
6.9491806e-05
1.8018537e-07
2.4780734e-11
7.732366e-05
1.6848009e-07
3.6458169e-11
8.2398561e-05
1.1505346e-07
3.7435821e-11
8.5652267e-05
6.5559746e-08
3.4756047e-11
8.7729631e-05
3.4194533e-08
3.1663357e-11
8.9055721e-05
1.6958444e-08
2.9143211e-11
8.9901584e-05
8.0315347e-09
2.7704431e-11
9.0436041e-05
3.8077491e-09
2.631209e-11
9.0762495e-05
2.3179101e-09
2.2912758e-11
2.8366775e-09
1.9434777e-11
8.2489422e-05
-3.7270417e-06
1.006839e-11
8.469362e-05
-3.2637225e-06
1.7465349e-11
8.6085647e-05
-2.0916098e-06
1.3842835e-11
8.6736464e-05
-1.2188967e-06
6.0947147e-12
8.6714057e-05
-6.621331e-07
5.8927673e-13
8.6000347e-05
-3.2953345e-07
-1.4285218e-12
8.4438223e-05
-1.3564552e-07
-8.3466976e-13
8.1669309e-05
-5.9447045e-09
1.0572079e-12
7.7002136e-05
1.2636677e-07
3.741129e-12
6.9240062e-05
2.9570623e-07
7.250341e-12
5.59926e-05
6.7498487e-07
1.0898478e-11
3.3976021e-05
1.1301189e-06
1.5255362e-11
1.4041198e-06
8.5814233e-12
2.1824917e-05
-1.6344622e-06
-9.4209712e-11
4.0252359e-05
6.7011306e-08
-6.6718027e-11
5.6601923e-05
2.0590074e-07
-4.7431189e-12
6.8318173e-05
3.8445751e-07
2.3343694e-11
7.6135558e-05
3.5961991e-07
3.3449867e-11
8.1190682e-05
2.424176e-07
3.3716463e-11
8.4416459e-05
1.3869562e-07
3.1377429e-11
8.6465773e-05
7.3486358e-08
2.801684e-11
8.7768455e-05
3.7203517e-08
2.6422761e-11
8.8596471e-05
1.8072952e-08
2.477317e-11
8.9118248e-05
8.7899827e-09
2.5045864e-11
8.9437007e-05
4.9393733e-09
2.16633e-11
6.626349e-09
1.869902e-11
7.6464764e-05
6.8164703e-12
7.3420712e-05
1.2631608e-11
7.1431652e-05
1.0368339e-11
7.0101754e-05
4.7832578e-12
6.902282e-05
4.9806846e-13
6.7850504e-05
-1.7425497e-12
6.6244074e-05
-2.2999905e-12
6.3795296e-05
-1.9432372e-12
5.991739e-05
-1.0692499e-12
5.3640533e-05
4.8003853e-13
4.327733e-05
2.3577555e-12
2.627585e-05
3.978311e-12
7.0351436e-13
1.6027764e-05
-7.9848948e-11
3.1241148e-05
-6.1236345e-11
4.4438478e-05
-1.4134346e-11
5.3853654e-05
4.76368e-12
6.0084422e-05
1.0312002e-11
6.4045569e-05
1.0838573e-11
6.6520467e-05
8.41032e-12
6.8061952e-05
8.3803241e-12
6.9024851e-05
6.2802235e-12
6.9627343e-05
9.1729416e-12
7.0001801e-05
9.2885473e-12
7.0227779e-05
9.7884653e-12
9.1084936e-12
7.6464678e-05
3.7271241e-06
-1.9178627e-07
7.3420516e-05
3.2638273e-06
-2.1963922e-07
7.143141e-05
2.091652e-06
-1.0252775e-07
7.0101536e-05
1.2188695e-06
1.1101264e-07
6.9022656e-05
6.620754e-07
4.1680564e-07
6.7850391e-05
3.2947717e-07
8.427866e-07
6.6243996e-05
1.3560331e-07
1.4707911e-06
6.3795241e-05
5.9137607e-09
2.4428425e-06
5.9917346e-05
-1.2639042e-07
4.0042861e-06
5.36405e-05
-2.9573165e-07
6.5725802e-06
4.3277324e-05
-6.7502667e-07
1.1038208e-05
2.6275859e-05
-1.1301597e-06
1.8131629e-05
-1.4041326e-06
2.7679993e-05
1.6027564e-05
1.6346631e-06
-1.7662337e-05
3.1240886e-05
-6.6932997e-08
-1.5146477e-05
4.4438281e-05
-2.0590618e-07
-1.2991513e-05
5.3853525e-05
-3.8449102e-07
-9.0307512e-06
6.0084352e-05
-3.5965733e-07
-5.8711567e-06
6.4045541e-05
-2.4244995e-07
-3.7187245e-06
6.6520468e-05
-1.3872175e-07
-2.336191e-06
6.8061972e-05
-7.3506282e-08
-1.4679849e-06
6.9024879e-05
-3.7214792e-08
-9.2568084e-07
6.9627367e-05
-1.8070178e-08
-5.8440471e-07
7.0001785e-05
-8.7573722e-09
-3.6564937e-07
7.0227692e-05
-4.8754675e-09
-2.2101941e-07
-6.5395523e-09
-1.253455e-07
8.2489373e-05
1.4444641e-06
-2.0669634e-07
8.4693501e-05
1.3019014e-06
-2.4217609e-07
8.6085496e-05
8.1581744e-07
-1.1614357e-07
8.6736327e-05
4.4514563e-07
1.2289679e-07
8.6713955e-05
2.1572058e-07
4.68722e-07
8.600028e-05
8.8671895e-08
9.544748e-07
8.4438182e-05
2.3903545e-08
1.6737938e-06
8.1669293e-05
-1.6244149e-08
2.791046e-06
7.7002136e-05
-5.1473846e-08
4.5922435e-06
6.9240076e-05
-1.1235734e-07
7.578692e-06
5.5992631e-05
-2.389122e-07
1.2811341e-05
3.3976054e-05
-4.6354956e-07
2.1349982e-05
-8.2088092e-07
3.339281e-05
2.1824773e-05
8.8185859e-07
-2.1072085e-05
4.0252149e-05
2.8984613e-08
-1.8523384e-05
5.6601751e-05
-1.3766538e-07
-1.641786e-05
6.831805e-05
-1.8022389e-07
-1.1920549e-05
7.6135477e-05
-1.685282e-07
-8.0085245e-06
8.119063e-05
-1.1509512e-07
-5.1824748e-06
8.4416423e-05
-6.5590891e-08
-3.2988936e-06
8.6465744e-05
-3.4214685e-08
-2.0885842e-06
8.7768423e-05
-1.6964633e-08
-1.3229038e-06
8.859643e-05
-8.0182355e-09
-8.3803389e-07
8.9118186e-05
-3.758226e-09
-5.2673267e-07
8.9436905e-05
-2.2250945e-09
-3.2134925e-07
-2.7031585e-09
-1.8497466e-07
8.3096727e-05
-1.4443389e-06
-2.079103e-07
8.5943883e-05
-1.3017331e-06
-2.4350055e-07
8.7692439e-05
-8.1574551e-07
-1.169777e-07
8.846006e-05
-4.4518375e-07
1.2271348e-07
8.8421724e-05
-2.1580909e-07
4.6986294e-07
8.7641689e-05
-8.8759575e-08
9.574632e-07
8.6010724e-05
-2.3969043e-08
1.6788349e-06
8.3180608e-05
1.6188336e-08
2.797683e-06
7.8476247e-05
5.1435852e-08
4.6014553e-06
7.0663142e-05
1.123203e-07
7.5884346e-06
5.7361463e-05
2.3885993e-07
1.2823919e-05
3.5061363e-05
4.6351213e-07
2.1373053e-05
8.2089958e-07
3.3419593e-05
2.2792602e-05
-8.8156132e-07
-2.1029284e-05
4.1444029e-05
-2.884805e-08
-1.8593668e-05
5.7748688e-05
1.3767622e-07
-1.6580007e-05
6.9491754e-05
1.8018873e-07
-1.2103454e-05
7.7323625e-05
1.6848304e-07
-8.1688456e-06
8.2398539e-05
1.1505652e-07
-5.305028e-06
8.5652253e-05
6.5561532e-08
-3.3848319e-06
8.7729621e-05
3.4197178e-08
-2.1457484e-06
8.9055714e-05
1.6959797e-08
-1.3599877e-06
8.9901576e-05
8.0343944e-09
-8.6188735e-07
9.0436031e-05
3.8094668e-09
-5.4199649e-07
9.0762477e-05
2.3183087e-09
-3.3096656e-07
2.8354777e-09
-1.9066451e-07
8.248942e-05
-3.727044e-06
-2.0670509e-07
8.4693618e-05
-3.2637253e-06
-2.4218753e-07
8.6085645e-05
-2.0916106e-06
-1.1614854e-07
8.6736464e-05
-1.2188954e-06
1.2289874e-07
8.671406e-05
-6.6213089e-07
4.687269e-07
8.6000351e-05
-3.2953134e-07
9.5447919e-07
8.4438228e-05
-1.356437e-07
1.6737963e-06
8.1669315e-05
-5.9433523e-09
2.7910463e-06
7.7002142e-05
1.2636761e-07
4.5922443e-06
6.9240069e-05
2.9570695e-07
7.5786936e-06
5.5992608e-05
6.7498619e-07
1.2811346e-05
3.397603e-05
1.1301213e-06
2.1349984e-05
1.4041225e-06
3.3392816e-05
2.1824862e-05
-1.6344748e-06
-2.1072043e-05
4.0252269e-05
6.7014457e-08
-1.8523336e-05
5.6601852e-05
2.0590527e-07
-1.6417816e-05
6.8318123e-05
3.8446322e-07
-1.1920522e-05
7.6135525e-05
3.5962392e-07
-8.0085094e-06
8.119066e-05
2.4242192e-07
-5.1824671e-06
8.4416446e-05
1.3869743e-07
-3.2988904e-06
8.6465764e-05
7.34905e-08
-2.0885828e-06
8.7768449e-05
3.7204248e-08
-1.3229038e-06
8.8596463e-05
1.8078285e-08
-8.3803279e-07
8.911824e-05
8.7903663e-09
-5.267331e-07
8.943699e-05
4.9393482e-09
-3.2134962e-07
6.6229849e-09
-1.8497619e-07
7.6464761e-05
-1.9179862e-07
7.3420706e-05
-2.196576e-07
7.1431646e-05
-1.025402e-07
7.0101749e-05
1.110064e-07
6.9022817e-05
4.1680173e-07
6.7850503e-05
8.4278138e-07
6.6244073e-05
1.4707833e-06
6.3795296e-05
2.4428319e-06
5.9917389e-05
4.0042735e-06
5.3640532e-05
6.5725644e-06
4.3277329e-05
1.1038192e-05
2.6275851e-05
1.8131603e-05
2.7679974e-05
1.6027717e-05
-1.7662272e-05
3.1241081e-05
-1.514641e-05
4.443843e-05
-1.2991458e-05
5.3853622e-05
-9.0307246e-06
6.0084403e-05
-5.8711461e-06
6.404556e-05
-3.7187243e-06
6.6520461e-05
-2.336195e-06
6.8061951e-05
-1.4679917e-06
6.9024848e-05
-9.2568649e-07
6.9627346e-05
-5.8441013e-07
7.0001799e-05
-3.6565326e-07
7.0227769e-05
-2.2102115e-07
-1.2534617e-07
7.6604483e-05
3.7263154e-06
-5.225851e-07
7.3742619e-05
3.2626132e-06
-6.2038782e-07
7.1966659e-05
2.0921016e-06
-4.1866933e-07
7.0922293e-05
1.2228724e-06
-6.7493647e-08
7.0325532e-05
6.6883044e-07
3.4473572e-07
6.9964135e-05
3.4038377e-07
8.6379997e-07
6.9734031e-05
1.542299e-07
1.5466653e-06
6.9648827e-05
3.9760559e-08
2.4882856e-06
6.988049e-05
-5.6576444e-08
3.8292001e-06
7.085955e-05
-1.6397364e-07
5.7574939e-06
7.3599356e-05
-3.1907004e-07
8.6174716e-06
7.9839892e-05
-4.087525e-07
1.2299846e-05
9.0958874e-05
-1.5459769e-08
1.6576471e-05
8.2478177e-05
1.6147247e-06
6.8659725e-06
7.974526e-05
1.3105397e-06
1.4223771e-06
8.0637043e-05
8.9544446e-07
-1.7872272e-06
8.465759e-05
7.5417973e-07
-4.7747266e-06
7.733643e-05
1.041796e-06
-1.1382973e-05
7.3591482e-05
4.6618308e-07
-1.1867712e-05
7.1027802e-05
5.1546777e-08
-1.047938e-05
7.0137299e-05
-1.1736338e-07
-8.0228852e-06
6.9951232e-05
-1.4277821e-07
-5.5423114e-06
7.0006887e-05
-1.1277376e-07
-3.6616061e-06
7.0135216e-05
-7.4620718e-08
-2.3898988e-06
7.0271679e-05
-4.5299556e-08
-1.5591483e-06
7.0391235e-05
-2.63079e-08
-1.018929e-06
7.0486624e-05
-1.4911213e-08
-6.6488305e-07
7.0558353e-05
-8.4007611e-09
-4.2897721e-07
7.0610066e-05
-4.8228435e-09
-2.6790949e-07
-3.8089826e-09
-1.6070756e-07
8.2638496e-05
1.4445635e-06
-5.6344014e-07
8.5045952e-05
1.3015642e-06
-6.8858287e-07
8.6680329e-05
8.1611458e-07
-4.745344e-07
8.7662887e-05
4.4668362e-07
-8.3472163e-08
8.8194851e-05
2.1789612e-07
3.8769211e-07
8.8410702e-05
9.1624462e-08
9.8738371e-07
8.8428281e-05
2.829431e-08
1.7821502e-06
8.8380612e-05
-6.61781e-09
2.8850929e-06
8.848421e-05
-3.4749607e-08
4.4668189e-06
8.9204779e-05
-7.305195e-08
6.7672018e-06
9.1619681e-05
-1.3192273e-07
1.0209291e-05
9.7964209e-05
-1.8610225e-07
1.4782803e-05
0.00011113174
-5.5115682e-08
2.0264931e-05
0.00010227931
6.7396562e-07
9.7931907e-06
9.9787295e-05
6.2162957e-07
3.1809276e-06
0.00010129287
3.8901325e-07
-9.9914117e-07
0.00010676172
2.8882674e-07
-5.0034956e-06
9.9183745e-05
3.8774947e-07
-1.2840067e-05
9.5112171e-05
1.9685708e-07
-1.4182484e-05
9.1803098e-05
1.668314e-08
-1.3073924e-05
9.0274818e-05
-5.9639813e-08
-1.0449992e-05
8.9671364e-05
-6.8065593e-08
-7.4797838e-06
8.9489539e-05
-5.2211766e-08
-5.0612111e-06
8.9501125e-05
-3.3527206e-08
-3.3515734e-06
8.9594102e-05
-1.962993e-08
-2.2072306e-06
8.9708422e-05
-1.0969608e-08
-1.4525618e-06
8.9815377e-05
-5.9897466e-09
-9.5391076e-07
8.9903601e-05
-3.270427e-09
-6.2008704e-07
8.9970987e-05
-1.917185e-09
-3.9164117e-07
-1.5077385e-09
-2.3821643e-07
8.3246627e-05
-1.4444511e-06
-5.6552271e-07
8.6297362e-05
-1.3014124e-06
-6.9125879e-07
8.82895e-05
-8.1604869e-07
-4.7695288e-07
8.9391146e-05
-4.4671661e-07
-8.5531941e-08
8.9910117e-05
-2.1797511e-07
3.867635e-07
9.0062775e-05
-9.1703409e-08
9.8813241e-07
9.001367e-05
-2.8354329e-08
1.7845894e-06
8.9909707e-05
6.5636847e-09
2.8884642e-06
8.9969912e-05
3.471739e-08
4.4717828e-06
9.0640101e-05
7.3024165e-08
6.7721696e-06
9.2982763e-05
1.3189023e-07
1.0217445e-05
9.9177526e-05
1.8606907e-07
1.4806118e-05
0.00011217798
5.5095586e-08
2.0308923e-05
0.00010350448
-6.7397271e-07
1.0021443e-05
0.00010130565
-6.216137e-07
3.4420711e-06
0.00010287846
-3.8897932e-07
-7.9481912e-07
0.00010836202
-2.8879095e-07
-4.9059432e-06
0.00010086422
-3.8772617e-07
-1.2756003e-05
9.6839225e-05
-1.9685346e-07
-1.4174963e-05
9.3448119e-05
-1.6699024e-08
-1.3155519e-05
9.1808543e-05
5.9613304e-08
-1.0583131e-05
9.1116801e-05
6.8038572e-08
-7.6132085e-06
9.0877817e-05
5.2188232e-08
-5.1704432e-06
9.0858495e-05
3.3508463e-08
-3.4325456e-06
9.0937622e-05
1.961763e-08
-2.2641233e-06
9.1047213e-05
1.0967667e-08
-1.4915155e-06
9.1153593e-05
6.00759e-09
-9.8026556e-07
9.1242773e-05
3.3210538e-09
-6.3776764e-07
9.131117e-05
2.0123916e-09
-4.0329311e-07
1.6397682e-09
-2.4551246e-07
8.2638538e-05
-3.7262433e-06
-5.6345108e-07
8.5046056e-05
-3.2625209e-06
-6.8859693e-07
8.6680463e-05
-2.0920634e-06
-4.7454069e-07
8.766301e-05
-1.2228948e-06
-8.3470299e-08
8.8194945e-05
-6.688798e-07
3.8769671e-07
8.8410766e-05
-3.4043202e-07
9.8738734e-07
8.8428323e-05
-1.5426588e-07
1.7821502e-06
8.8380634e-05
-3.9784935e-08
2.8850842e-06
8.848422e-05
5.6558708e-08
4.4668169e-06
8.9204778e-05
1.6395784e-07
6.7672019e-06
9.1619671e-05
3.19049e-07
1.0209294e-05
9.7964192e-05
4.0872668e-07
1.4782806e-05
0.00011113173
1.5440715e-08
2.0264937e-05
0.00010227929
-1.6147447e-06
9.7932082e-06
9.9787263e-05
-1.3105423e-06
3.180955e-06
0.00010129283
-8.9543254e-07
-9.9911272e-07
0.00010676168
-7.5416346e-07
-5.0034751e-06
9.9183734e-05
-1.0417853e-06
-1.2840041e-05
9.5112181e-05
-4.6618337e-07
-1.4182454e-05
9.180312e-05
-5.1558958e-08
-1.3073895e-05
9.0274838e-05
1.1734452e-07
-1.0449972e-05
8.9671381e-05
1.4275917e-07
-7.4797726e-06
8.9489552e-05
1.1275562e-07
-5.0612059e-06
8.9501137e-05
7.4604636e-08
-3.3515718e-06
8.9594117e-05
4.5285709e-08
-2.2072306e-06
8.9708442e-05
2.630111e-08
-1.4525625e-06
8.981541e-05
1.4918101e-08
-9.5391046e-07
8.9903649e-05
8.4353856e-09
-6.20087e-07
8.9971064e-05
4.8897923e-09
-3.9164235e-07
3.8971733e-09
-2.38218e-07
7.6604559e-05
-5.2260106e-07
7.3742792e-05
-6.2041115e-07
7.1966874e-05
-4.1868575e-07
7.0922488e-05
-6.7502348e-08
7.032568e-05
3.4472976e-07
6.9964238e-05
8.637918e-07
6.9734102e-05
1.546653e-06
6.964888e-05
2.4882689e-06
6.9880531e-05
3.8291812e-06
7.0859582e-05
5.7574717e-06
7.3599375e-05
8.6174475e-06
7.983989e-05
1.2299815e-05
9.0958858e-05
1.6576447e-05
8.2478142e-05
6.8659715e-06
7.9745207e-05
1.4223924e-06
8.0636983e-05
-1.7872088e-06
8.4657532e-05
-4.7747127e-06
7.7336419e-05
-1.1382943e-05
7.3591502e-05
-1.1867676e-05
7.1027833e-05
-1.0479348e-05
7.0137321e-05
-8.0228685e-06
6.9951242e-05
-5.5423074e-06
7.0006884e-05
-3.6616106e-06
7.01352e-05
-2.3899069e-06
7.0271653e-05
-1.5591584e-06
7.0391205e-05
-1.0189379e-06
7.0486604e-05
-6.6489049e-07
7.0558369e-05
-4.2898285e-07
7.061015e-05
-2.6791286e-07
-1.6070843e-07
7.6996457e-05
3.7208547e-06
-1.2398968e-06
7.4442282e-05
3.2499082e-06
-1.3161212e-06
7.2853856e-05
2.0883387e-06
-9.1858197e-07
7.1965537e-05
1.2257874e-06
-4.0496198e-07
7.1519218e-05
6.7166633e-07
1.1938844e-07
7.1359446e-05
3.4240343e-07
6.8116893e-07
7.1451767e-05
1.585332e-07
1.2958112e-06
7.1847792e-05
5.3982148e-08
2.038278e-06
7.2720727e-05
-1.5408143e-08
2.9716735e-06
7.4418574e-05
-7.6684175e-08
4.1363307e-06
7.7642386e-05
-1.4854865e-07
5.5422081e-06
8.3263866e-05
-1.992016e-07
6.8775674e-06
9.2549517e-05
-2.2610039e-07
7.5169214e-06
9.6414184e-05
2.6140703e-08
2.9751646e-06
9.7544838e-05
1.5598552e-07
1.3573684e-07
9.7124826e-05
1.6577001e-07
-1.532985e-06
9.5325842e-05
1.5280014e-07
-3.1285424e-06
8.9197714e-05
2.0365103e-07
-5.4584958e-06
8.3232042e-05
1.1719407e-07
-6.0192347e-06
7.8278203e-05
5.1236523e-09
-5.5306634e-06
7.4863003e-05
-5.2890949e-08
-4.5547945e-06
7.2866744e-05
-5.8833825e-08
-3.4872189e-06
7.1803428e-05
-4.2752878e-08
-2.5555367e-06
7.1263909e-05
-2.4836427e-08
-1.8255443e-06
7.0998429e-05
-1.1871429e-08
-1.2817968e-06
7.0870717e-05
-4.3454052e-09
-8.8687076e-07
7.0810224e-05
-5.7469009e-10
-6.0381592e-07
7.0781822e-05
8.7853815e-10
-4.0145358e-07
7.0768016e-05
1.3246471e-09
-2.5542852e-07
1.4782484e-09
-1.5357066e-07
8.3061975e-05
1.444156e-06
-1.3487162e-06
8.5817621e-05
1.2970462e-06
-1.491367e-06
8.7671218e-05
8.1465445e-07
-1.0544473e-06
8.8848552e-05
4.4767254e-07
-4.8269135e-07
8.9579282e-05
2.1898365e-07
1.0964443e-07
9.005815e-05
9.2588866e-08
7.5833054e-07
9.0492808e-05
3.0325525e-08
1.4757e-06
9.1082295e-05
1.7031122e-09
2.3478846e-06
9.2098572e-05
-1.9232267e-08
3.4543668e-06
9.3965568e-05
-3.322619e-08
4.8567477e-06
9.7488608e-05
-5.3895467e-08
6.5915982e-06
0.00010378836
-7.7106324e-08
8.360961e-06
0.00011447995
-7.057447e-08
9.4178105e-06
0.00011982775
1.9806999e-08
4.4517285e-06
0.00012211726
6.4526649e-08
9.8287409e-07
0.00012250886
6.2724837e-08
-1.2877011e-06
0.00012092147
5.9368414e-08
-3.3226703e-06
0.00011436797
6.2336444e-08
-6.1452539e-06
0.00010741431
3.2568377e-08
-7.1441998e-06
0.00010119118
-1.40842e-08
-6.8315873e-06
9.6539675e-05
-3.5748681e-08
-5.8156256e-06
9.3610324e-05
-3.4318453e-08
-4.5749484e-06
9.1952473e-05
-2.4384801e-08
-3.4217286e-06
9.1071351e-05
-1.4418698e-08
-2.4808694e-06
9.0621111e-05
-7.3396554e-09
-1.7615216e-06
9.0397249e-05
-3.2064866e-09
-1.2298395e-06
9.0288048e-05
-1.0915477e-09
-8.4419257e-07
9.0235375e-05
-1.1849858e-10
-5.6641745e-07
9.0209881e-05
3.5334084e-10
-3.6517571e-07
4.9331461e-10
-2.2348088e-07
8.3673397e-05
-1.4440575e-06
-1.3507062e-06
8.7071098e-05
-1.2969116e-06
-1.4950026e-06
8.9282557e-05
-8.1459398e-07
-1.0591628e-06
9.0579901e-05
-4.4770004e-07
-4.8750334e-07
9.1297759e-05
-2.1905403e-07
1.0694282e-07
9.1710921e-05
-9.2661907e-08
7.60221e-07
9.2074144e-05
-3.0386117e-08
1.4820782e-06
9.2607622e-05
-1.6841869e-09
2.3583737e-06
9.3572084e-05
1.9193603e-08
3.4688948e-06
9.5401184e-05
3.319861e-08
4.8766447e-06
9.8890965e-05
5.3868866e-08
6.6198994e-06
0.00010513736
7.7076856e-08
8.4055451e-06
0.00011581669
7.0542471e-08
9.4884702e-06
0.00012127409
-1.9843481e-08
4.6036954e-06
0.00012369822
-6.4570193e-08
1.1470351e-06
0.00012420771
-6.2768859e-08
-1.1788182e-06
0.00012267945
-5.9409105e-08
-3.2588974e-06
0.0001161586
-6.2376752e-08
-6.1104477e-06
0.00010920009
-3.2608612e-08
-7.1512662e-06
0.00010289706
1.403935e-08
-6.8806174e-06
9.8133271e-05
3.571216e-08
-5.8908029e-06
9.5106849e-05
3.428775e-08
-4.6553931e-06
9.338162e-05
2.4359242e-08
-3.4939582e-06
9.2459968e-05
1.4398099e-08
-2.5397101e-06
9.1987822e-05
7.3255602e-09
-1.8066423e-06
9.1752998e-05
3.2035237e-09
-1.2631016e-06
9.1638588e-05
1.1093458e-09
-8.680565e-07
9.158365e-05
1.646971e-10
-5.8311251e-07
9.1557381e-05
-2.4681073e-10
-3.7642388e-07
-3.576741e-10
-2.3057718e-07
8.3062009e-05
-3.7207912e-06
-1.3487265e-06
8.5817707e-05
-3.2498257e-06
-1.4913807e-06
8.7671329e-05
-2.0883029e-06
-1.0544541e-06
8.8848656e-05
-1.2258055e-06
-4.8269114e-07
8.9579361e-05
-6.7171001e-07
1.0964759e-07
9.00582e-05
-3.4244719e-07
7.5833313e-07
9.0492828e-05
-1.5856563e-07
1.475702e-06
9.1082334e-05
-5.3996299e-08
2.3478908e-06
9.2098586e-05
1.5392656e-08
3.4543657e-06
9.3965571e-05
7.6669704e-08
4.8567453e-06
9.7488604e-05
1.4853359e-07
6.5915966e-06
0.00010378834
1.9918325e-07
8.3609602e-06
0.00011447993
2.260794e-07
9.4178127e-06
0.00011982773
-2.6166534e-08
4.4517351e-06
0.00012211724
-1.5601312e-07
9.8288131e-07
0.00012250885
-1.6579643e-07
-1.2876965e-06
0.00012092146
-1.5282418e-07
-3.3226669e-06
0.00011436797
-2.0367497e-07
-6.1452476e-06
0.00010741432
-1.1721903e-07
-7.1441923e-06
0.00010119119
-5.1470006e-09
-6.8315816e-06
9.6539684e-05
5.2867268e-08
-5.8156226e-06
9.3610334e-05
5.8813598e-08
-4.5749483e-06
9.1952483e-05
4.2734217e-08
-3.4217306e-06
9.1071363e-05
2.4819865e-08
-2.4808729e-06
9.0621127e-05
1.1856512e-08
-1.7615254e-06
9.0397273e-05
4.3377911e-09
-1.2298429e-06
9.0288084e-05
5.8213964e-10
-8.4419461e-07
9.0235428e-05
-8.4738483e-10
-5.664184e-07
9.0209971e-05
-1.2589537e-09
-3.651737e-07
-1.3878878e-09
-2.2347941e-07
7.699652e-05
-1.2399121e-06
7.4442428e-05
-1.3161445e-06
7.2854039e-05
-9.1859956e-07
7.1965703e-05
-4.049727e-07
7.1519345e-05
1.1937816e-07
7.1359533e-05
6.811568e-07
7.1451824e-05
1.2957959e-06
7.1847836e-05
2.0382605e-06
7.2720758e-05
2.971652e-06
7.4418594e-05
4.1363054e-06
7.7642396e-05
5.5421796e-06
8.3263859e-05
6.8775353e-06
9.2549494e-05
7.5168914e-06
9.6414155e-05
2.9751436e-06
9.7544815e-05
1.3571986e-07
9.7124806e-05
-1.5329966e-06
9.5325821e-05
-3.1285521e-06
8.9197701e-05
-5.4584983e-06
8.3232041e-05
-6.0192353e-06
7.8278212e-05
-5.5306657e-06
7.4863012e-05
-4.5548015e-06
7.2866748e-05
-3.4872304e-06
7.1803423e-05
-2.5555514e-06
7.1263897e-05
-1.8255602e-06
7.0998407e-05
-1.2818125e-06
7.0870692e-05
-8.8688438e-07
7.0810208e-05
-6.0382498e-07
7.0781837e-05
-4.0145888e-07
7.0768096e-05
-2.5543055e-07
-1.5357057e-07
7.7221899e-05
3.7258723e-06
-2.187668e-06
7.4746732e-05
3.2446596e-06
-2.0856143e-06
7.3206246e-05
2.0887897e-06
-1.4668856e-06
7.2407057e-05
1.2299801e-06
-8.3575292e-07
7.2150956e-05
6.7827717e-07
-3.0278772e-07
7.2343788e-05
3.5142917e-07
1.3690763e-07
7.2941527e-05
1.7194601e-07
5.2612627e-07
7.3974567e-05
7.5168535e-08
9.3007022e-07
7.5552916e-05
1.7673405e-08
1.3756504e-06
7.784412e-05
-2.3771054e-08
1.8688985e-06
8.1069432e-05
-6.0436786e-08
2.3773324e-06
8.5269247e-05
-8.1074012e-08
2.7588267e-06
9.006989e-05
-8.4714549e-08
2.8009927e-06
9.1389246e-05
3.2585893e-08
1.6232223e-06
9.1028466e-05
9.645818e-08
4.000595e-07
9.0016552e-05
1.0499319e-07
-6.2606486e-07
8.8298699e-05
8.1240563e-08
-1.4919296e-06
8.5114003e-05
7.8049449e-08
-2.351849e-06
8.1735642e-05
4.79216e-08
-2.6887955e-06
7.8738979e-05
4.3703554e-09
-2.538371e-06
7.6343407e-05
-2.2073299e-08
-2.1371494e-06
7.4556807e-05
-2.8774297e-08
-1.6718445e-06
7.3269146e-05
-2.3867695e-08
-1.2440078e-06
7.2355675e-05
-1.6234407e-08
-8.9583942e-07
7.1714507e-05
-9.4612813e-09
-6.3116732e-07
7.1269722e-05
-4.7456908e-09
-4.3733993e-07
7.0965953e-05
-1.8349763e-09
-2.9821173e-07
7.076366e-05
-1.0432401e-10
-1.9905598e-07
7.0635084e-05
1.1122406e-09
-1.2796514e-07
3.4088422e-09
-8.0291205e-08
8.3283771e-05
1.4467065e-06
-2.3533209e-06
8.6111298e-05
1.2948842e-06
-2.3691189e-06
8.8016262e-05
8.1518738e-07
-1.6858086e-06
8.9302053e-05
4.5000593e-07
-9.8850899e-07
9.0254347e-05
2.2201118e-07
-3.8638339e-07
9.1139299e-05
9.5762112e-08
1.2904552e-07
9.2162474e-05
3.4089093e-08
5.9038196e-07
9.3508015e-05
6.5676544e-09
1.0709443e-06
9.5383603e-05
-9.0688335e-09
1.6055218e-06
9.8027313e-05
-1.8298132e-08
2.207564e-06
0.00010173839
-2.8377891e-08
2.848459e-06
0.00010667863
-3.7416086e-08
3.3770692e-06
0.00011251559
-3.5364181e-08
3.5314973e-06
0.00011471299
-6.5262236e-10
2.2875702e-06
0.00011491248
2.4109817e-08
8.5573372e-07
0.0001140772
3.0245964e-08
-3.7767666e-07
0.00011230273
2.2413541e-08
-1.4893735e-06
0.00010879265
1.6743298e-08
-2.5738652e-06
0.00010480911
8.2032599e-09
-3.1209484e-06
0.00010107224
-6.1381235e-09
-3.0842097e-06
9.7943684e-05
-1.5987056e-08
-2.6931517e-06
9.5526801e-05
-1.6641583e-08
-2.1701978e-06
9.3747268e-05
-1.2906255e-08
-1.6531577e-06
9.2470796e-05
-8.5279008e-09
-1.2121035e-06
9.1570835e-05
-5.0178076e-09
-8.6600399e-07
9.0945799e-05
-2.6261288e-09
-6.0692342e-07
9.051892e-05
-1.1173658e-09
-4.1803118e-07
9.0234464e-05
-1.3681607e-10
-2.8192902e-07
9.0053476e-05
5.3517494e-10
-1.8361048e-07
1.4118441e-09
-1.1678691e-07
8.3889668e-05
-1.4466228e-06
-2.3470451e-06
8.7352725e-05
-1.2947666e-06
-2.3684087e-06
8.9615617e-05
-8.151293e-07
-1.6917381e-06
9.102495e-05
-4.5002153e-07
-9.9680871e-07
9.1968043e-05
-2.2206365e-07
-3.9207544e-07
9.2791447e-05
-9.5817062e-08
1.283961e-07
9.3747283e-05
-3.4131848e-08
5.9446343e-07
9.503947e-05
-6.5969317e-09
1.0793511e-06
9.6872484e-05
9.0464646e-09
1.6177659e-06
9.9488326e-05
1.8285568e-08
2.2242192e-06
0.00010318141
2.8368748e-08
2.8700645e-06
0.00010810652
3.7407517e-08
3.405612e-06
0.00011395302
3.5354739e-08
3.5712522e-06
0.00011621177
6.347922e-10
2.3436612e-06
0.00011649612
-2.4120031e-08
9.1091665e-07
0.00011570872
-3.0256225e-08
-3.3091934e-07
0.00011395849
-2.242387e-08
-1.4638264e-06
0.00011044986
-1.6754528e-08
-2.5683195e-06
0.00010645092
-8.2146853e-09
-3.1359118e-06
0.0001026753
6.1242477e-09
-3.1172626e-06
9.9489661e-05
1.5975454e-08
-2.7371229e-06
9.7017093e-05
1.6631038e-08
-2.2160977e-06
9.5192046e-05
1.2896931e-08
-1.694715e-06
9.3881721e-05
8.5195388e-09
-1.2464321e-06
9.2957798e-05
5.0138025e-09
-8.9275123e-07
9.2316367e-05
2.6309501e-09
-6.2692798e-07
9.1878578e-05
1.1432271e-09
-4.3252799e-07
9.158725e-05
2.0222385e-10
-2.9212357e-07
9.1402321e-05
-4.4164797e-10
-1.9051806e-07
-1.2808011e-09
-1.2117737e-07
8.3283797e-05
-3.7258187e-06
-2.3533279e-06
8.6111366e-05
-3.2445876e-06
-2.3691282e-06
8.8016351e-05
-2.0887548e-06
-1.6858138e-06
8.9302138e-05
-1.2299896e-06
-9.8851021e-07
9.0254414e-05
-6.7830796e-07
-3.8638353e-07
9.1139345e-05
-3.5146027e-07
1.2904462e-07
9.2162504e-05
-1.7196863e-07
5.9037988e-07
9.3508039e-05
-7.518185e-08
1.0709414e-06
9.5383615e-05
-1.7680904e-08
1.6055167e-06
9.802732e-05
2.3767606e-08
2.2075583e-06
0.0001017384
6.0435406e-08
2.8484538e-06
0.00010667863
8.1072756e-08
3.3770646e-06
0.00011251559
8.4712101e-08
3.5314934e-06
0.00011471298
-3.2590108e-08
2.2875672e-06
0.00011491247
-9.6461563e-08
8.5573216e-07
0.00011407719
-1.0499675e-07
-3.776786e-07
0.00011230272
-8.1244336e-08
-1.4893761e-06
0.00010879264
-7.8053797e-08
-2.5738677e-06
0.00010480911
-4.7926584e-08
-3.1209505e-06
0.00010107225
-4.3760339e-09
-3.0842135e-06
9.7943687e-05
2.2068037e-08
-2.6931563e-06
9.5526805e-05
2.8768395e-08
-2.1702033e-06
9.3747273e-05
2.3860821e-08
-1.6531633e-06
9.2470803e-05
1.6226704e-08
-1.2121097e-06
9.1570846e-05
9.4550809e-09
-8.6600977e-07
9.0945817e-05
4.7449937e-09
-6.0692824e-07
9.051895e-05
1.8483859e-09
-4.1803261e-07
9.0234526e-05
1.3538569e-10
-2.8192744e-07
9.0053561e-05
-1.0423165e-09
-1.8360744e-07
-3.3187436e-09
-1.1678451e-07
7.7221949e-05
-2.1876795e-06
7.4746849e-05
-2.0856319e-06
7.3206394e-05
-1.4668999e-06
7.2407195e-05
-8.3576323e-07
7.2151063e-05
-3.0279797e-07
7.2343864e-05
1.3689604e-07
7.2941579e-05
5.2611175e-07
7.3974604e-05
9.3005349e-07
7.5552944e-05
1.3756315e-06
7.7844139e-05
1.8688778e-06
8.1069444e-05
2.3773099e-06
8.5269249e-05
2.758803e-06
9.0069883e-05
2.8009694e-06
9.1389234e-05
1.6232025e-06
9.1028449e-05
4.0004342e-07
9.0016537e-05
-6.2608069e-07
8.8298684e-05
-1.4919438e-06
8.5113993e-05
-2.3518607e-06
8.1735637e-05
-2.688806e-06
7.8738977e-05
-2.5383819e-06
7.6343406e-05
-2.1371621e-06
7.4556802e-05
-1.6718584e-06
7.3269135e-05
-1.244024e-06
7.2355657e-05
-8.9585514e-07
7.1714483e-05
-6.3118371e-07
7.1269697e-05
-4.3735292e-07
7.0965941e-05
-2.9822101e-07
7.0763678e-05
-1.9906005e-07
7.0635169e-05
-1.2796461e-07
-8.0289357e-08
7.4253355e-05
3.5589775e-06
6.9199876e-05
2.967864e-06
6.5810058e-05
1.9229327e-06
6.3853685e-05
1.1206202e-06
6.2946353e-05
6.0454403e-07
6.2772538e-05
3.1072308e-07
6.3142467e-05
1.5619705e-07
6.3996984e-05
7.5552944e-08
6.5342092e-05
3.0542689e-08
6.72098e-05
1.1901369e-09
6.9610194e-05
-2.3060804e-08
7.2412363e-05
-4.3343136e-08
7.5275554e-05
-6.2197628e-08
7.6956309e-05
-5.7533335e-08
7.7397455e-05
-4.1085993e-08
7.6801882e-05
-3.0491926e-08
7.533004e-05
-2.0087178e-08
7.2989694e-05
-1.150304e-08
7.0310632e-05
-9.733818e-09
6.7784522e-05
-1.2261197e-08
6.566056e-05
-1.3187048e-08
6.3998845e-05
-1.0130155e-08
6.2760231e-05
-5.392907e-09
6.1865871e-05
-1.4799459e-09
6.1233569e-05
1.1346745e-09
6.0793668e-05
2.5616092e-09
6.0492443e-05
3.0125034e-09
6.0290325e-05
3.0623353e-09
6.0159484e-05
2.8762822e-09
4.2408396e-09
7.9837154e-05
1.3685025e-06
7.9259254e-05
1.1766449e-06
7.8748352e-05
7.4802676e-07
7.8471576e-05
4.0888631e-07
7.8494804e-05
1.9493282e-07
7.8853467e-05
8.1106364e-08
7.957186e-05
2.8185175e-08
8.0713031e-05
5.3265552e-09
8.2356199e-05
-7.1031328e-09
8.4579035e-05
-1.4081683e-08
8.7424001e-05
-1.9567949e-08
9.0783773e-05
-2.6046109e-08
9.4283391e-05
-3.0318056e-08
9.6542238e-05
-2.8809988e-08
9.7377672e-05
-2.0786682e-08
9.6983416e-05
-1.3912957e-08
9.5480928e-05
-6.972659e-09
9.2897895e-05
-2.3352193e-09
8.9767561e-05
-3.4735284e-10
8.6672523e-05
-1.433432e-09
8.3968639e-05
-2.4548345e-09
8.1789766e-05
-1.4546842e-09
8.0130785e-05
4.3055533e-10
7.8915587e-05
1.6144898e-09
7.8048442e-05
2.2751458e-09
7.7441672e-05
2.4083782e-09
7.7024413e-05
2.2406138e-09
7.6743552e-05
1.9938031e-09
7.6560936e-05
1.8818392e-09
2.2166335e-09
8.0389896e-05
-1.3684385e-06
8.0374681e-05
-1.1765485e-06
8.0178939e-05
-7.4796943e-07
7.9999897e-05
-4.0888058e-07
7.9997706e-05
-1.9495169e-07
8.0288334e-05
-8.1125229e-08
8.0939176e-05
-2.8194038e-08
8.202918e-05
-5.3255705e-09
8.3632727e-05
7.1150898e-09
8.5828768e-05
1.409731e-08
8.8659677e-05
1.9586605e-08
9.2013177e-05
2.6065862e-08
9.5523774e-05
3.033753e-08
9.7809796e-05
2.8829244e-08
9.8679121e-05
2.0805103e-08
9.8320357e-05
1.3931139e-08
9.6842568e-05
6.9908022e-09
9.4269558e-05
2.3548327e-09
9.1132938e-05
3.6135523e-10
8.8012789e-05
1.4528286e-09
8.5270739e-05
2.472038e-09
8.3051713e-05
1.4735211e-09
8.1357847e-05
-4.1875253e-10
8.011463e-05
-1.6003323e-09
7.9226414e-05
-2.2595848e-09
7.8604282e-05
-2.3882718e-09
7.8176203e-05
-2.2076987e-09
7.7888014e-05
-1.9413661e-09
7.7701177e-05
-1.7994517e-09
-2.109489e-09
7.983717e-05
-3.5589359e-06
7.9259296e-05
-2.9678035e-06
7.8748409e-05
-1.9228961e-06
7.8471633e-05
-1.1206148e-06
7.8494851e-05
-6.0455292e-07
7.8853501e-05
-3.1073108e-07
7.9571885e-05
-1.5619798e-07
8.0713048e-05
-7.5546584e-08
8.235621e-05
-3.0530539e-08
8.4579042e-05
-1.1766086e-09
8.7424004e-05
2.30789e-08
9.0783773e-05
4.3361576e-08
9.4283388e-05
6.2215651e-08
9.6542234e-05
5.7550555e-08
9.7377669e-05
4.1102103e-08
9.6983414e-05
3.0507686e-08
9.5480926e-05
2.0102131e-08
9.2897897e-05
1.1516984e-08
8.9767561e-05
9.7464356e-09
8.6672526e-05
1.2274022e-08
8.3968643e-05
1.3198772e-08
8.1789772e-05
1.0141821e-08
8.0130789e-05
5.4011067e-09
7.8915591e-05
1.48785e-09
7.8048449e-05
-1.1274991e-09
7.7441682e-05
-2.5498041e-09
7.7024434e-05
-2.9926953e-09
7.674359e-05
-3.0246959e-09
7.6560999e-05
-2.815537e-09
-4.1654002e-09
7.4253385e-05
6.9199949e-05
6.5810153e-05
6.3853775e-05
6.2946424e-05
6.2772589e-05
6.3142503e-05
6.399701e-05
6.5342111e-05
6.7209812e-05
6.9610201e-05
7.2412366e-05
7.5275551e-05
7.6956304e-05
7.7397449e-05
7.6801876e-05
7.5330035e-05
7.2989691e-05
7.0310631e-05
6.7784523e-05
6.566056e-05
6.3998844e-05
6.2760221e-05
6.1865853e-05
6.1233542e-05
6.0793639e-05
6.0492426e-05
6.0290341e-05
6.0159561e-05
)
;

boundaryField
{
    minX
    {
        type            calculated;
        value           nonuniform List<scalar> 
50
(
-8e-05
-8e-05
-8e-05
-8e-05
-8e-05
-8e-05
-8e-05
-8e-05
-8e-05
-8e-05
-8e-05
-8e-05
-8e-05
-8e-05
-8e-05
-8e-05
-8e-05
-8e-05
-8e-05
-8e-05
-8e-05
-8e-05
-8e-05
-8e-05
-8e-05
-8e-05
-8e-05
-8e-05
-8e-05
-8e-05
-8e-05
-8e-05
-8e-05
-8e-05
-8e-05
-8e-05
-8e-05
-8e-05
-8e-05
-8e-05
-8e-05
-8e-05
-8e-05
-8e-05
-8e-05
-8e-05
-8e-05
-8e-05
-8e-05
-8e-05
)
;
    }
    maxX
    {
        type            calculated;
        value           nonuniform List<scalar> 
50
(
6.0074832e-05
7.6446046e-05
7.7584203e-05
7.6446139e-05
6.0074968e-05
7.0558347e-05
8.9948725e-05
9.1295547e-05
8.9948816e-05
7.0558467e-05
7.0759398e-05
9.0196123e-05
9.1543267e-05
9.0196214e-05
7.0759506e-05
7.0649267e-05
9.002196e-05
9.1362893e-05
9.0022064e-05
7.0649414e-05
7.0359611e-05
8.9618089e-05
9.0947652e-05
8.9618228e-05
7.0359774e-05
7.0359586e-05
8.961806e-05
9.0947622e-05
8.9618198e-05
7.0359747e-05
7.0649237e-05
9.0021928e-05
9.136287e-05
9.0022049e-05
7.064941e-05
7.0759401e-05
9.0196131e-05
9.1543296e-05
9.0196263e-05
7.075957e-05
7.0558396e-05
8.9948779e-05
9.1295614e-05
8.9948904e-05
7.055857e-05
6.0074952e-05
7.6446174e-05
7.7584326e-05
7.644627e-05
6.0075106e-05
)
;
    }
    minY
    {
        type            calculated;
        value           uniform 0;
    }
    minZ
    {
        type            calculated;
        value           uniform 0;
    }
    maxZ
    {
        type            calculated;
        value           uniform 0;
    }
    bottomWater_to_rightSolid
    {
        type            calculated;
        value           uniform 0;
    }
    bottomWater_to_leftSolid
    {
        type            calculated;
        value           uniform 0;
    }
    bottomWater_to_heater
    {
        type            calculated;
        value           uniform 0;
    }
}


// ************************************************************************* //
