/*--------------------------------*- C++ -*----------------------------------*\
| =========                 |                                                 |
| \\      /  F ield         | OpenFOAM: The Open Source CFD Toolbox           |
|  \\    /   O peration     | Version:  2212                                  |
|   \\  /    A nd           | Website:  www.openfoam.com                      |
|    \\/     M anipulation  |                                                 |
\*---------------------------------------------------------------------------*/
FoamFile
{
    version     2.0;
    format      ascii;
    arch        "LSB;label=32;scalar=64";
    class       volVectorField;
    location    "10/bottomWater";
    object      U;
}
// * * * * * * * * * * * * * * * * * * * * * * * * * * * * * * * * * * * * * //

dimensions      [0 1 -1 0 0 0 0];

internalField   nonuniform List<vector> 
1460
(
(0.00091405781 5.0990428e-05 3.5852948e-05)
(0.00090280066 4.4895116e-05 3.4659958e-05)
(0.000844497 2.9466462e-05 2.436453e-05)
(0.00080715288 1.7722681e-05 1.4974638e-05)
(0.00079007545 1.0182586e-05 7.8456539e-06)
(0.00078435841 5.7342432e-06 2.502462e-06)
(0.00078596211 3.2419912e-06 -1.6460688e-06)
(0.00079364671 1.8405777e-06 -5.0355353e-06)
(0.00080732098 1.0058842e-06 -7.9525703e-06)
(0.00082730586 4.5672722e-07 -1.0335335e-05)
(0.000854 3.3081935e-08 -1.1640114e-05)
(0.00088680801 -3.1077457e-07 -1.0404579e-05)
(0.00092367917 -7.3987408e-07 -4.9547307e-06)
(0.00095361808 -8.0808832e-07 9.2399807e-06)
(0.00096753173 -7.5182231e-07 1.9411036e-05)
(0.00096636397 -6.7025923e-07 2.25084e-05)
(0.00095316351 -5.4817223e-07 2.2499342e-05)
(0.0009291115 -3.8393252e-07 2.2561308e-05)
(0.00089681777 -3.6301498e-07 2.0313076e-05)
(0.00086287786 -4.0957914e-07 1.6292273e-05)
(0.00083299224 -4.0023642e-07 1.2141933e-05)
(0.00080918615 -3.1698343e-07 8.6778554e-06)
(0.00079120715 -2.1007105e-07 6.0656664e-06)
(0.00077808862 -1.1995357e-07 4.2020969e-06)
(0.00076874875 -5.8531317e-08 2.9088855e-06)
(0.0007622138 -2.16819e-08 2.0175882e-06)
(0.00075770833 -4.9703597e-10 1.4002338e-06)
(0.00075465767 1.1767145e-08 9.6767186e-07)
(0.00075262584 1.2441892e-08 6.5561966e-07)
(0.00075093943 4.265145e-08 4.7888092e-07)
(0.00097400556 4.6074765e-05 3.8584659e-05)
(0.00099651924 3.8710779e-05 3.9977963e-05)
(0.00099054596 2.4745741e-05 2.8936396e-05)
(0.00098244898 1.371508e-05 1.8253265e-05)
(0.000980098 6.6787901e-06 9.8918673e-06)
(0.00098259942 2.8699791e-06 3.4539865e-06)
(0.00098934614 1.0505207e-06 -1.6185555e-06)
(0.0010007949 2.2739615e-07 -5.8008224e-06)
(0.0010179804 -1.6150685e-07 -9.4821728e-06)
(0.0010419541 -4.1050932e-07 -1.2675709e-05)
(0.001073581 -6.4359561e-07 -1.4842403e-05)
(0.0011126521 -8.6009804e-07 -1.4356004e-05)
(0.0011571999 -9.796209e-07 -9.0420955e-06)
(0.0011951338 -8.3164919e-07 6.6741683e-06)
(0.0012155003 -5.4582664e-07 1.9351768e-05)
(0.0012180502 -3.3558859e-07 2.4483478e-05)
(0.0012059509 -1.4505322e-07 2.5401487e-05)
(0.0011801804 -3.2492641e-08 2.5996619e-05)
(0.0011434108 8.39645e-09 2.4121493e-05)
(0.001102756 -1.8511603e-08 1.9978246e-05)
(0.0010653338 -4.688591e-08 1.5337804e-05)
(0.0010344947 -2.6366938e-08 1.1281938e-05)
(0.0010106296 2.124936e-08 8.1075749e-06)
(0.0009929167 6.2176074e-08 5.7631811e-06)
(0.00098016213 8.2129756e-08 4.0830943e-06)
(0.00097117387 8.4481217e-08 2.8903611e-06)
(0.00096494855 7.7322901e-08 2.040724e-06)
(0.00096071807 6.795544e-08 1.4293224e-06)
(0.00095789661 6.3079754e-08 9.7719033e-07)
(0.00095558121 7.2169502e-08 7.0348467e-07)
(0.00097775533 1.1142613e-09 3.8219954e-05)
(0.0010068574 1.5219555e-09 3.9760098e-05)
(0.0010070347 7.3854733e-10 2.8934382e-05)
(0.0010014863 -1.5879026e-10 1.834861e-05)
(0.00099928607 -5.5800901e-10 9.9810812e-06)
(0.001001021 -5.3940671e-10 3.4908044e-06)
(0.0010068498 -3.5721383e-10 -1.637275e-06)
(0.0010175336 -1.713373e-10 -5.8652719e-06)
(0.0010341504 -3.6833805e-11 -9.582888e-06)
(0.0010577092 4.2899235e-11 -1.2807918e-05)
(0.0010890834 8.9857366e-11 -1.4996543e-05)
(0.00112803 1.0389422e-10 -1.4535734e-05)
(0.0011726052 9.5307996e-11 -9.2804493e-06)
(0.0012107952 8.4250327e-11 6.341493e-06)
(0.0012315787 7.6382506e-11 1.9056536e-05)
(0.0012345596 7.7015152e-11 2.4368053e-05)
(0.0012228508 7.439182e-11 2.5444581e-05)
(0.0011973111 6.8279708e-11 2.615842e-05)
(0.0011605672 7.3947102e-11 2.4367509e-05)
(0.0011196991 6.4078374e-11 2.0286234e-05)
(0.0010818586 6.8799813e-11 1.5684022e-05)
(0.0010505117 7.7595859e-11 1.1622943e-05)
(0.001026167 1.0702759e-10 8.411622e-06)
(0.0010080585 1.1593816e-10 6.01636e-06)
(0.00099499947 1.4445824e-10 4.284888e-06)
(0.00098578758 1.7480719e-10 3.04565e-06)
(0.0009794023 2.8201896e-10 2.1564037e-06)
(0.00097506127 4.2937784e-10 1.5124665e-06)
(0.0009721699 6.5994786e-10 1.0340602e-06)
(0.00096980827 8.5428546e-10 7.3920386e-07)
(0.00097400574 -4.6073061e-05 3.8584644e-05)
(0.00099652022 -3.8708388e-05 3.9977999e-05)
(0.00099054765 -2.4744449e-05 2.8936508e-05)
(0.00098245074 -1.3715117e-05 1.8253438e-05)
(0.0009800994 -6.6794073e-06 9.8920769e-06)
(0.0009826004 -2.8705391e-06 3.4542056e-06)
(0.00098934678 -1.050777e-06 -1.6183543e-06)
(0.0010007953 -2.2734373e-07 -5.8006505e-06)
(0.0010179806 1.6179435e-07 -9.4820115e-06)
(0.0010419542 4.1095229e-07 -1.2675574e-05)
(0.0010735811 6.4411891e-07 -1.4842299e-05)
(0.0011126521 8.6064391e-07 -1.4355913e-05)
(0.0011571999 9.8015098e-07 -9.04199e-06)
(0.0011951337 8.3215267e-07 6.6743035e-06)
(0.0012155003 5.4630948e-07 1.9351938e-05)
(0.0012180502 3.3606369e-07 2.4483681e-05)
(0.0012059509 1.45518e-07 2.540171e-05)
(0.0011801804 3.2944458e-08 2.5996849e-05)
(0.0011434108 -7.9659844e-09 2.4121714e-05)
(0.001102756 1.8927125e-08 1.9978479e-05)
(0.0010653338 4.7279236e-08 1.5338042e-05)
(0.0010344948 2.6755147e-08 1.1282174e-05)
(0.0010106297 -2.0889014e-08 8.1077889e-06)
(0.00099291671 -6.1819714e-08 5.7633804e-06)
(0.00098016214 -8.1800587e-08 4.0832605e-06)
(0.00097117394 -8.410431e-08 2.8904855e-06)
(0.00096494875 -7.6817078e-08 2.0407623e-06)
(0.00096071845 -6.71874e-08 1.4292721e-06)
(0.0009578972 -6.1921403e-08 9.7707736e-07)
(0.00095558238 -7.0696858e-08 7.033366e-07)
(0.00091405815 -5.0989888e-05 3.585299e-05)
(0.00090280225 -4.489447e-05 3.4660106e-05)
(0.00084449966 -2.9466268e-05 2.4364744e-05)
(0.00080715548 -1.7722926e-05 1.4974887e-05)
(0.00079007741 -1.0182983e-05 7.8459319e-06)
(0.00078435968 -5.7345951e-06 2.5027664e-06)
(0.00078596284 -3.2422301e-06 -1.6457587e-06)
(0.00079364708 -1.8407006e-06 -5.0352332e-06)
(0.00080732114 -1.0059092e-06 -7.9522783e-06)
(0.00082730592 -4.5667605e-07 -1.0335047e-05)
(0.00085400003 -3.2995807e-08 -1.1639824e-05)
(0.00088680802 3.1086566e-07 -1.0404274e-05)
(0.00092367917 7.3994982e-07 -4.9544083e-06)
(0.00095361809 8.0814472e-07 9.2403001e-06)
(0.00096753177 7.5186688e-07 1.9411353e-05)
(0.00096636403 6.7029455e-07 2.2508699e-05)
(0.0009531636 5.4819454e-07 2.2499626e-05)
(0.00092911159 3.83937e-07 2.2561581e-05)
(0.00089681788 3.6297933e-07 2.0313351e-05)
(0.00086287796 4.095302e-07 1.6292555e-05)
(0.0008329923 4.0015459e-07 1.2142227e-05)
(0.00080918612 3.1689187e-07 8.6781585e-06)
(0.00079120699 2.099326e-07 6.0659758e-06)
(0.00077808831 1.1983595e-07 4.2023885e-06)
(0.0007687483 5.8394199e-08 2.9091632e-06)
(0.00076221332 2.1628521e-08 2.0178112e-06)
(0.00075770792 5.372407e-10 1.4003884e-06)
(0.00075465761 -1.1512436e-08 9.677167e-07)
(0.00075262626 -1.1987206e-08 6.5557306e-07)
(0.00075094113 -4.2066684e-08 4.7876588e-07)
(0.00094811324 5.3374876e-05 3.9530673e-05)
(0.00095249259 4.9330915e-05 3.9357311e-05)
(0.00092667008 3.2619168e-05 2.780091e-05)
(0.00090866248 1.9818134e-05 1.457819e-05)
(0.00090206536 1.1534929e-05 2.6042775e-06)
(0.00090218246 6.4707191e-06 -8.1750217e-06)
(0.00090721811 3.5201207e-06 -1.8965987e-05)
(0.00091727425 1.7991578e-06 -3.0991293e-05)
(0.00093330765 7.0740911e-07 -4.5203481e-05)
(0.00095704927 -6.6228234e-08 -6.1971042e-05)
(0.00099107161 -7.0915883e-07 -8.0653341e-05)
(0.0010369046 -9.7889906e-07 -9.7294535e-05)
(0.0010974527 -1.2298204e-06 -0.00010534002)
(0.0011407469 8.6336809e-07 -7.4452309e-05)
(0.0011461192 1.7616113e-06 -3.6440412e-05)
(0.0011342454 1.8052836e-06 -1.0098726e-06)
(0.0011166007 1.4230211e-06 3.1322397e-05)
(0.0010868694 1.5387024e-06 6.4267606e-05)
(0.0010443217 9.9056601e-07 7.9407159e-05)
(0.0010019429 2.4394229e-07 7.8424879e-05)
(0.00096737301 -2.2500053e-07 6.8123735e-05)
(0.00094142947 -3.5899901e-07 5.4392094e-05)
(0.00092261115 -3.1728685e-07 4.1040933e-05)
(0.00090919838 -2.249436e-07 2.9839587e-05)
(0.00089975036 -1.3827614e-07 2.1151911e-05)
(0.00089316152 -7.3365419e-08 1.4700432e-05)
(0.0008886251 -2.9504221e-08 1.0024664e-05)
(0.00088556454 -1.3264475e-09 6.6680666e-06)
(0.00088355399 1.1046432e-08 4.2483303e-06)
(0.00088198276 4.7543469e-08 2.5714922e-06)
(0.0010156884 4.8524806e-05 4.2808259e-05)
(0.0010582065 4.2391828e-05 4.4466918e-05)
(0.0010902328 2.6750942e-05 3.1556176e-05)
(0.0011098252 1.4961282e-05 1.7029155e-05)
(0.0011229287 7.5240683e-06 3.6227264e-06)
(0.0011337679 3.3385672e-06 -8.8091383e-06)
(0.0011452023 1.2444175e-06 -2.1427327e-05)
(0.0011595797 2.7081009e-07 -3.5558548e-05)
(0.0011792294 -2.1815412e-07 -5.237718e-05)
(0.0012068448 -5.7696141e-07 -7.2461059e-05)
(0.0012458972 -9.4061639e-07 -9.5330097e-05)
(0.001299104 -1.2415349e-06 -0.00011688954)
(0.0013707897 -1.1450593e-06 -0.00012923384)
(0.0014273554 -4.6555758e-09 -9.7615425e-05)
(0.0014426284 8.562484e-07 -5.4392489e-05)
(0.0014350513 1.0604044e-06 -1.191352e-05)
(0.0014177123 7.9697054e-07 2.8391838e-05)
(0.0013856762 6.0450327e-07 6.9372816e-05)
(0.0013373387 3.1158883e-07 9.1928046e-05)
(0.0012859786 -1.3887724e-07 9.5211837e-05)
(0.0012416461 -4.335836e-07 8.5810413e-05)
(0.0012070124 -4.7286872e-07 7.0543375e-05)
(0.0011812109 -3.7441306e-07 5.4427829e-05)
(0.0011625362 -2.4944047e-07 4.0226643e-05)
(0.0011492892 -1.4630862e-07 2.8863422e-05)
(0.0011400321 -7.512346e-08 2.0252113e-05)
(0.0011336584 -3.0642716e-08 1.3927191e-05)
(0.0011293583 -3.2728252e-09 9.3497581e-06)
(0.001126536 1.7589149e-08 6.0359899e-06)
(0.0011243639 4.5116804e-08 3.7210644e-06)
(0.0010199852 1.2486453e-09 4.2922579e-05)
(0.0010697959 1.624804e-09 4.4639101e-05)
(0.0011085259 6.3750912e-10 3.1756728e-05)
(0.0011311746 -4.7825122e-10 1.7220563e-05)
(0.0011447131 -1.0132586e-09 3.7311687e-06)
(0.0011548942 -1.0339716e-09 -8.8237187e-06)
(0.0011654313 -8.3419934e-10 -2.1566561e-05)
(0.0011790253 -6.0493865e-10 -3.5813547e-05)
(0.0011980677 -3.9842271e-10 -5.2739627e-05)
(0.0012252457 -2.7650507e-10 -7.2960231e-05)
(0.0012640112 -2.1681448e-10 -9.6001911e-05)
(0.0013170052 -1.9984528e-10 -0.00011780743)
(0.0013885749 -2.0044333e-10 -0.00013052807)
(0.0014456298 -1.9588401e-10 -9.9452183e-05)
(0.0014619389 -1.9103376e-10 -5.6254114e-05)
(0.0014552236 -1.7402142e-10 -1.3463682e-05)
(0.0014383155 -1.6908032e-10 2.7385404e-05)
(0.0014064496 -1.815078e-10 6.8921348e-05)
(0.0013580266 -2.035058e-10 9.2122207e-05)
(0.0013062926 -2.2238893e-10 9.6036e-05)
(0.0012613379 -2.3376735e-10 8.7043966e-05)
(0.0012259733 -2.3671964e-10 7.1883111e-05)
(0.0011995235 -2.2109539e-10 5.5658727e-05)
(0.0011803526 -1.9541063e-10 4.124926e-05)
(0.0011667506 -1.3842088e-10 2.9659774e-05)
(0.001157248 -5.4535166e-11 2.0845522e-05)
(0.001150709 1.0524969e-10 1.4355447e-05)
(0.0011463014 3.3658779e-10 9.6498382e-06)
(0.0011434143 6.5916453e-10 6.2382699e-06)
(0.0011411993 9.199036e-10 3.8488683e-06)
(0.0010156886 -4.8522895e-05 4.2808289e-05)
(0.0010582076 -4.2389264e-05 4.4467013e-05)
(0.0010902347 -2.6749762e-05 3.155634e-05)
(0.0011098273 -1.496174e-05 1.7029376e-05)
(0.0011229303 -7.5253019e-06 3.6229777e-06)
(0.0011337691 -3.3397913e-06 -8.8088836e-06)
(0.0011452031 -1.2452979e-06 -2.1427099e-05)
(0.0011595803 -2.7130981e-07 -3.5558395e-05)
(0.0011792298 2.1796065e-07 -5.2376988e-05)
(0.001206845 5.76977e-07 -7.2460893e-05)
(0.0012458973 9.4074104e-07 -9.5329975e-05)
(0.001299104 1.2416889e-06 -0.00011688945)
(0.0013707897 1.1451969e-06 -0.00012923377)
(0.0014273554 4.771668e-09 -9.7615419e-05)
(0.0014426284 -8.5612835e-07 -5.4392498e-05)
(0.0014350513 -1.0602766e-06 -1.1913484e-05)
(0.0014177123 -7.9684819e-07 2.8391936e-05)
(0.0013856761 -6.044116e-07 6.9372954e-05)
(0.0013373387 -3.1155081e-07 9.1928191e-05)
(0.0012859786 1.3886071e-07 9.5212005e-05)
(0.0012416461 4.3351734e-07 8.58106e-05)
(0.0012070124 4.7278425e-07 7.0543581e-05)
(0.0011812109 3.7431457e-07 5.4428041e-05)
(0.0011625362 2.4935838e-07 4.0226858e-05)
(0.0011492893 1.4626107e-07 2.8863621e-05)
(0.0011400323 7.5188322e-08 2.0252269e-05)
(0.0011336588 3.0939499e-08 1.3927275e-05)
(0.0011293588 3.9445498e-09 9.3497474e-06)
(0.0011265367 -1.6424291e-08 6.0358807e-06)
(0.001124365 -4.3563276e-08 3.7209384e-06)
(0.00094811366 -5.3374272e-05 3.9530727e-05)
(0.00095249446 -4.9330239e-05 3.935747e-05)
(0.00092667321 -3.2619059e-05 2.7801181e-05)
(0.00090866565 -1.9818564e-05 1.457855e-05)
(0.00090206784 -1.1535562e-05 2.6046855e-06)
(0.00090218413 -6.4713075e-06 -8.1745893e-06)
(0.00090721914 -3.520576e-06 -1.8965546e-05)
(0.00091727486 -1.7994785e-06 -3.0990853e-05)
(0.00093330802 -7.0764374e-07 -4.5203017e-05)
(0.00095704949 6.6073127e-08 -6.1970556e-05)
(0.00099107174 7.0904034e-07 -8.0652816e-05)
(0.0010369047 9.7877839e-07 -9.7293984e-05)
(0.0010974526 1.2296715e-06 -0.00010533948)
(0.0011407467 -8.6353901e-07 -7.4451904e-05)
(0.0011461191 -1.7617669e-06 -3.644014e-05)
(0.0011342453 -1.8054316e-06 -1.0096504e-06)
(0.0011166006 -1.4231707e-06 3.1322596e-05)
(0.0010868694 -1.5388729e-06 6.4267782e-05)
(0.0010443217 -9.9077925e-07 7.9407333e-05)
(0.0010019429 -2.4420526e-07 7.8425072e-05)
(0.00096737303 2.2468915e-07 6.8123988e-05)
(0.00094142943 3.5867295e-07 5.4392407e-05)
(0.000922611 3.169411e-07 4.1041308e-05)
(0.0009091981 2.2461772e-07 2.9839974e-05)
(0.00089974996 1.3797032e-07 2.1152312e-05)
(0.00089316111 7.3156562e-08 1.4700768e-05)
(0.00088862479 2.9457787e-08 1.0024917e-05)
(0.00088556455 1.539643e-09 6.6681557e-06)
(0.00088355437 -1.0594921e-08 4.2483067e-06)
(0.00088198426 -4.6944795e-08 2.5713862e-06)
(0.00094684485 5.3274846e-05 1.070958e-05)
(0.00094878564 4.9345014e-05 1.2715397e-05)
(0.00092254747 3.2585301e-05 8.6041417e-06)
(0.00090386941 1.9750935e-05 1.7772837e-06)
(0.0008955759 1.1432702e-05 -6.4604102e-06)
(0.00089238533 6.3088594e-06 -1.6090469e-05)
(0.00089210338 3.2584945e-06 -2.7951977e-05)
(0.00089495886 1.3804343e-06 -4.3241448e-05)
(0.00090241548 3.6382765e-08 -6.3243578e-05)
(0.00091733907 -1.0792952e-06 -8.8973837e-05)
(0.00094651411 -2.3861431e-06 -0.00012127875)
(0.00099648177 -3.0503733e-06 -0.00015197918)
(0.0010981458 -4.1707282e-06 -0.00016363806)
(0.0011923558 -6.8879483e-08 -2.5648537e-05)
(0.0012226414 1.9876031e-06 3.3134304e-05)
(0.0012216737 2.3460794e-06 6.2678722e-05)
(0.0012088707 2.0793217e-06 9.0364916e-05)
(0.0011623119 3.44014e-06 0.000146876)
(0.0010796915 2.0789618e-06 0.00014892412)
(0.0010049332 5.2005927e-07 0.00012992337)
(0.00095188952 -3.4688342e-07 0.00010242424)
(0.00091952338 -5.2645124e-07 7.5721668e-05)
(0.00090189348 -3.9224145e-07 5.4079848e-05)
(0.00089294463 -2.1145105e-07 3.795376e-05)
(0.00088852766 -7.9903949e-08 2.6342163e-05)
(0.00088637979 -7.20161e-09 1.8094406e-05)
(0.00088535695 2.488388e-08 1.226646e-05)
(0.00088487869 3.4922342e-08 8.1387339e-06)
(0.00088465451 3.2275317e-08 5.1811269e-06)
(0.0008844931 2.776561e-08 3.1380934e-06)
(0.0010147783 4.8464263e-05 1.1640409e-05)
(0.0010548794 4.2489043e-05 1.4296744e-05)
(0.0010861928 2.6752371e-05 9.9233649e-06)
(0.0011050021 1.4898097e-05 2.278602e-06)
(0.0011161423 7.4334715e-06 -7.1425495e-06)
(0.0011231649 3.2392134e-06 -1.8307679e-05)
(0.0011284567 1.1206456e-06 -3.2179224e-05)
(0.0011343894 8.7639335e-08 -5.0213881e-05)
(0.0011437525 -5.0748419e-07 -7.4090722e-05)
(0.0011603824 -1.0615778e-06 -0.0001054227)
(0.0011921454 -1.7640347e-06 -0.00014583676)
(0.001247638 -2.5154522e-06 -0.00018755213)
(0.0013609638 -2.2537128e-06 -0.00020924417)
(0.0014757747 7.1474019e-07 -5.4287355e-05)
(0.0015239915 2.2185659e-06 2.2513419e-05)
(0.0015359457 2.1638276e-06 6.4227934e-05)
(0.0015287393 2.0539464e-06 0.00010081049)
(0.0014815674 2.148853e-06 0.00016843885)
(0.0013904102 1.1474958e-06 0.00017899199)
(0.0012996108 -3.52898e-07 0.00016212222)
(0.0012295319 -1.1017417e-06 0.00013217704)
(0.0011834073 -1.0942866e-06 0.00010040658)
(0.0011565024 -7.8648849e-07 7.3152902e-05)
(0.0011420529 -4.7050415e-07 5.2086879e-05)
(0.0011346173 -2.4296416e-07 3.655395e-05)
(0.0011308776 -1.0834669e-07 2.5341836e-05)
(0.0011290386 -3.8420119e-08 1.732773e-05)
(0.0011281513 -5.4062529e-09 1.1606272e-05)
(0.0011277266 8.2281099e-09 7.4862844e-06)
(0.0011274525 1.3856745e-08 4.608901e-06)
(0.0010191229 1.2451648e-09 1.1629686e-05)
(0.0010666014 1.6056143e-09 1.4291713e-05)
(0.0011046427 5.9680203e-10 9.9264169e-06)
(0.0011264869 -5.321473e-10 2.2886438e-06)
(0.001138015 -1.0769659e-09 -7.148677e-06)
(0.0011443294 -1.1040873e-09 -1.834785e-05)
(0.0011486738 -9.1902175e-10 -3.2257747e-05)
(0.0011537761 -7.5530769e-10 -5.0323476e-05)
(0.0011624606 -4.9807465e-10 -7.4239326e-05)
(0.0011785428 -3.9332156e-10 -0.00010561561)
(0.0012098525 -3.7163353e-10 -0.00014614762)
(0.0012648597 -3.8977593e-10 -0.00018821433)
(0.0013774479 -3.9052628e-10 -0.00021047451)
(0.0014929058 -4.4006315e-10 -5.7940842e-05)
(0.0015428683 -4.6685379e-10 1.8555756e-05)
(0.0015566267 -4.3168828e-10 6.1516223e-05)
(0.0015504131 -3.6797273e-10 9.9393562e-05)
(0.0015038735 -3.3148649e-10 0.00016756257)
(0.0014129473 -3.405619e-10 0.00017905159)
(0.0013215332 -3.6412269e-10 0.00016315522)
(0.0012501667 -3.8171029e-10 0.00013379373)
(0.0012026534 -3.7900489e-10 0.00010210478)
(0.0011747027 -3.4674142e-10 7.4641026e-05)
(0.0011596004 -3.0766651e-10 5.3272069e-05)
(0.0011517993 -2.3104771e-10 3.7446397e-05)
(0.0011478711 -1.3638057e-10 2.5990985e-05)
(0.0011459413 4.9545479e-11 1.778924e-05)
(0.0011450132 2.8815676e-10 1.1927926e-05)
(0.0011445725 5.8991292e-10 7.7038109e-06)
(0.0011442918 8.8966005e-10 4.7475927e-06)
(0.0010147786 -4.8462348e-05 1.1640405e-05)
(0.0010548805 -4.2486496e-05 1.4296758e-05)
(0.0010861948 -2.6751244e-05 9.9234164e-06)
(0.0011050041 -1.4898634e-05 2.2786872e-06)
(0.001116144 -7.4347986e-06 -7.142449e-06)
(0.0011231661 -3.2405364e-06 -1.8307578e-05)
(0.0011284574 -1.1216288e-06 -3.2179125e-05)
(0.0011343899 -8.8264318e-08 -5.0213781e-05)
(0.0011437529 5.0715053e-07 -7.4090671e-05)
(0.0011603825 1.0614048e-06 -0.00010542269)
(0.0011921454 1.7639071e-06 -0.0001458368)
(0.0012476379 2.5152714e-06 -0.00018755219)
(0.0013609637 2.2534924e-06 -0.00020924427)
(0.0014757745 -7.1503284e-07 -5.4287518e-05)
(0.0015239913 -2.218888e-06 2.2513305e-05)
(0.0015359457 -2.1640735e-06 6.4227943e-05)
(0.0015287393 -2.054089e-06 0.00010081056)
(0.0014815673 -2.1489549e-06 0.0001684389)
(0.0013904101 -1.1476441e-06 0.00017899199)
(0.0012996107 3.5265912e-07 0.00016212217)
(0.001229532 1.1014434e-06 0.000132177)
(0.0011834074 1.0939819e-06 0.00010040658)
(0.0011565025 7.8620537e-07 7.3152923e-05)
(0.0011420529 4.7025323e-07 5.2086916e-05)
(0.0011346174 2.4277287e-07 3.6553989e-05)
(0.0011308778 1.082602e-07 2.5341873e-05)
(0.0011290389 3.8570021e-08 1.732776e-05)
(0.0011281518 5.9164222e-09 1.1606281e-05)
(0.0011277274 -7.1547693e-09 7.4863254e-06)
(0.0011274536 -1.2337654e-08 4.6089749e-06)
(0.00094684528 -5.3274234e-05 1.0709579e-05)
(0.00094878755 -4.9344336e-05 1.2715421e-05)
(0.00092255066 -3.2585208e-05 8.6042149e-06)
(0.00090387264 -1.9751392e-05 1.777399e-06)
(0.00089557842 -1.1433369e-05 -6.460269e-06)
(0.00089238705 -6.3094869e-06 -1.6090302e-05)
(0.00089210446 -3.2589852e-06 -2.7951775e-05)
(0.00089495956 -1.3807587e-06 -4.3241195e-05)
(0.00090241592 -3.6698855e-08 -6.3243264e-05)
(0.00091733935 1.0790043e-06 -8.8973444e-05)
(0.00094651426 2.3858452e-06 -0.00012127827)
(0.00099648175 3.0499997e-06 -0.00015197858)
(0.0010981456 4.1703027e-06 -0.00016363751)
(0.0011923554 6.8474671e-08 -2.5648217e-05)
(0.001222641 -1.9879517e-06 3.3134498e-05)
(0.0012216734 -2.3463324e-06 6.2678882e-05)
(0.0012088706 -2.0795115e-06 9.0365017e-05)
(0.0011623119 -3.4403297e-06 0.00014687597)
(0.0010796916 -2.0792045e-06 0.00014892403)
(0.0010049334 -5.2038848e-07 0.00012992327)
(0.00095188969 3.4649832e-07 0.00010242421)
(0.00091952348 5.260519e-07 7.5721712e-05)
(0.00090189345 3.9183702e-07 5.4079937e-05)
(0.00089294446 2.1106057e-07 3.7953893e-05)
(0.00088852735 7.9535168e-08 2.6342296e-05)
(0.00088637943 6.9050944e-09 1.8094557e-05)
(0.00088535664 -2.5045081e-08 1.2266555e-05)
(0.00088487867 -3.4852487e-08 8.1388271e-06)
(0.00088465489 -3.1849018e-08 5.1812382e-06)
(0.00088449444 -2.7166224e-08 3.1382052e-06)
(0.00094461719 5.3443329e-05 7.5697895e-06)
(0.0009416777 4.9575566e-05 9.1890781e-06)
(0.000912347 3.2665931e-05 6.0607426e-06)
(0.00089172213 1.9723907e-05 3.6584679e-07)
(0.0008816628 1.1408475e-05 -7.3134761e-06)
(0.00087639806 6.3101782e-06 -1.7520895e-05)
(0.00087301688 3.243954e-06 -3.1687982e-05)
(0.00087107106 1.2527392e-06 -5.244024e-05)
(0.00087194641 -4.097261e-07 -8.4064889e-05)
(0.00087802594 -2.0166953e-06 -0.00013310657)
(0.00090279243 -4.3401214e-06 -0.00021256124)
(0.00095152297 -5.1126807e-06 -0.0003282468)
(0.0010705138 8.5791235e-07 -0.00049276647)
(0.0011308728 2.0545526e-05 -0.00025360847)
(0.00099321414 1.5459541e-05 -9.338302e-05)
(0.00098577535 1.2197119e-05 -1.5600008e-06)
(0.00103826 1.1501304e-05 8.0385306e-05)
(0.001038873 1.5884951e-05 0.00027751743)
(0.00093218735 6.5054051e-06 0.00028946201)
(0.00089503131 9.978256e-07 0.00026344599)
(0.00087842658 -1.3928002e-06 0.00019597295)
(0.00087352777 -1.8259579e-06 0.00013075328)
(0.00087377949 -1.4853944e-06 8.3133186e-05)
(0.00087554236 -1.0094732e-06 5.2063216e-05)
(0.00087745837 -6.3058861e-07 3.2623093e-05)
(0.00087915436 -3.7664188e-07 2.0573989e-05)
(0.00088053386 -2.1893284e-07 1.3039248e-05)
(0.0008815866 -1.2537678e-07 8.2213977e-06)
(0.00088236557 -6.9391195e-08 5.0390645e-06)
(0.00088311373 -5.5737596e-08 2.9608286e-06)
(0.0010125623 4.8464169e-05 8.1372543e-06)
(0.0010473715 4.2623001e-05 1.0108406e-05)
(0.0010749263 2.6789497e-05 6.7889471e-06)
(0.001091276 1.4856452e-05 4.2997904e-07)
(0.0011001512 7.3893173e-06 -8.2813704e-06)
(0.0011044557 3.1981494e-06 -1.9986899e-05)
(0.0011057268 1.0416215e-06 -3.6337656e-05)
(0.0011053928 -1.3790706e-07 -6.0391793e-05)
(0.0011056727 -1.1206866e-06 -9.7186842e-05)
(0.0011094253 -2.4458245e-06 -0.00015466653)
(0.0011309347 -4.4106999e-06 -0.00024820253)
(0.001178244 -6.1572764e-06 -0.0003874884)
(0.0013009626 -1.4996012e-06 -0.00059131067)
(0.0013895198 2.2734192e-05 -0.00034137822)
(0.0012433906 2.0566768e-05 -0.0001528425)
(0.0012359833 1.2799598e-05 -3.1528508e-05)
(0.0013036043 9.5258682e-06 7.7894072e-05)
(0.0013184121 1.287307e-05 0.0003104155)
(0.0012061383 6.519715e-06 0.00034437421)
(0.0011579427 5.9158621e-07 0.00032782284)
(0.0011329794 -1.8655607e-06 0.00025648466)
(0.0011218843 -2.1738455e-06 0.00017793787)
(0.0011183054 -1.6812494e-06 0.00011612709)
(0.0011180682 -1.0873256e-06 7.3885631e-05)
(0.0011191216 -6.4145736e-07 4.6721976e-05)
(0.0011205898 -3.6116623e-07 2.9630925e-05)
(0.001122051 -1.9870459e-07 1.8864681e-05)
(0.0011233007 -1.0951752e-07 1.1961663e-05)
(0.0011242903 -6.4920659e-08 7.4023155e-06)
(0.0011252717 -5.0601279e-08 4.4049299e-06)
(0.0010168977 1.24138e-09 8.2044566e-06)
(0.0010590638 1.6155564e-09 1.0192057e-05)
(0.0010933406 6.2790876e-10 6.8612145e-06)
(0.0011127257 -4.7470365e-10 4.8684817e-07)
(0.0011219838 -9.9393182e-10 -8.2521573e-06)
(0.0011255958 -1.0088864e-09 -1.9996724e-05)
(0.0011259675 -8.0987396e-10 -3.6384622e-05)
(0.0011248329 -5.8452463e-10 -6.0456626e-05)
(0.0011244937 -4.5080338e-10 -9.7281461e-05)
(0.0011277033 -4.0936661e-10 -0.00015473178)
(0.0011484557 -4.4873102e-10 -0.00024827095)
(0.0011948454 -4.3949992e-10 -0.00038774743)
(0.0013140145 -2.5109733e-10 -0.0005917632)
(0.0014029746 -1.0542648e-10 -0.00034648598)
(0.0012609004 1.5755801e-10 -0.00015894312)
(0.0012555806 3.606597e-10 -3.5950681e-05)
(0.0013231306 3.9629794e-10 7.577544e-05)
(0.0013389861 3.8223593e-10 0.0003075857)
(0.0012278441 1.5817668e-10 0.00034408065)
(0.0011791199 -1.0725197e-10 0.00032998717)
(0.0011528784 -2.595045e-10 0.00025988048)
(0.001140447 -3.0680044e-10 0.00018125225)
(0.0011359428 -2.9179971e-10 0.0001187542)
(0.0011351776 -2.5169945e-10 7.5749654e-05)
(0.001135972 -1.8496294e-10 4.7971663e-05)
(0.0011373381 -9.2970193e-11 3.0450041e-05)
(0.0011387751 7.9073181e-11 1.9398178e-05)
(0.001140032 3.1073169e-10 1.2308114e-05)
(0.0011410358 6.9990849e-10 7.624555e-06)
(0.0011420333 1.020486e-09 4.5403779e-06)
(0.0010125625 -4.846226e-05 8.1372155e-06)
(0.0010473727 -4.2620438e-05 1.0108369e-05)
(0.0010749283 -2.678832e-05 6.7889661e-06)
(0.0010912781 -1.4856898e-05 4.3005657e-07)
(0.0011001529 -7.390515e-06 -8.2812606e-06)
(0.0011044569 -3.1993231e-06 -1.9986783e-05)
(0.0011057276 -1.0424598e-06 -3.6337536e-05)
(0.0011053933 1.3741756e-07 -6.0391632e-05)
(0.0011056729 1.1204309e-06 -9.7186787e-05)
(0.0011094254 2.4456614e-06 -0.00015466652)
(0.0011309347 4.4104621e-06 -0.0002482026)
(0.0011782437 6.1569647e-06 -0.00038748842)
(0.0013009624 1.4994206e-06 -0.00059131073)
(0.0013895196 -2.2734266e-05 -0.00034137869)
(0.0012433903 -2.0566445e-05 -0.0001528434)
(0.001235983 -1.2798886e-05 -3.1529358e-05)
(0.0013036039 -9.5250118e-06 7.7893563e-05)
(0.0013184119 -1.2872194e-05 0.00031041519)
(0.0012061383 -6.5191504e-06 0.00034437387)
(0.0011579428 -5.9144609e-07 0.0003278224)
(0.0011329796 1.8654312e-06 0.0002564843)
(0.0011218845 2.1736394e-06 0.00017793763)
(0.0011183055 1.6810252e-06 0.00011612695)
(0.0011180683 1.0871529e-06 7.388559e-05)
(0.0011191218 6.4131437e-07 4.6721972e-05)
(0.00112059 3.6115248e-07 2.9630962e-05)
(0.0011220514 1.9888001e-07 1.8864702e-05)
(0.0011233013 1.1012326e-07 1.196174e-05)
(0.0011242911 6.6143662e-08 7.4024656e-06)
(0.001125273 5.2305744e-08 4.4051311e-06)
(0.00094461762 -5.3442718e-05 7.5697344e-06)
(0.00094167961 -4.9574882e-05 9.1890128e-06)
(0.0009123502 -3.266582e-05 6.0607426e-06)
(0.00089172537 -1.9724335e-05 3.659164e-07)
(0.00088166535 -1.1409105e-05 -7.3133594e-06)
(0.00087639983 -6.3107661e-06 -1.7520752e-05)
(0.00087301805 -3.2444354e-06 -3.1687811e-05)
(0.00087107185 -1.2531386e-06 -5.244001e-05)
(0.00087194696 4.093796e-07 -8.4064621e-05)
(0.00087802637 2.0163444e-06 -0.00013310621)
(0.00090279274 4.3396789e-06 -0.00021256086)
(0.00095152295 5.1120843e-06 -0.00032824622)
(0.0010705136 -8.5856179e-07 -0.00049276602)
(0.0011308723 -2.0546075e-05 -0.00025360873)
(0.00099321338 -1.5459795e-05 -9.3383891e-05)
(0.00098577452 -1.2197122e-05 -1.5608576e-06)
(0.0010382594 -1.1501209e-05 8.0384786e-05)
(0.0010388727 -1.5884878e-05 0.00027751698)
(0.0009321876 -6.5054708e-06 0.0002894614)
(0.00089503173 -9.9806685e-07 0.00026344528)
(0.00087842699 1.3924382e-06 0.00019597244)
(0.00087352799 1.8255758e-06 0.00013075298)
(0.00087377951 1.4849813e-06 8.3133042e-05)
(0.00087554219 1.0090996e-06 5.206318e-05)
(0.00087745805 6.3020754e-07 3.2623097e-05)
(0.00087915395 3.7636892e-07 2.0574021e-05)
(0.00088053352 2.1874256e-07 1.3039252e-05)
(0.00088158669 1.2552119e-07 8.2214602e-06)
(0.00088236612 6.9844775e-08 5.0391363e-06)
(0.00088311557 5.6381918e-08 2.9609349e-06)
(0.00094388841 5.3461524e-05 2.2403872e-07)
(0.00093893269 4.9582681e-05 -3.5567008e-07)
(0.00090710055 3.2642809e-05 -1.8242395e-06)
(0.00088347376 1.9643951e-05 -4.1068049e-06)
(0.0008688328 1.127224e-05 -7.4915058e-06)
(0.00085584522 6.0845584e-06 -1.2799095e-05)
(0.00083938739 2.8555093e-06 -2.1440644e-05)
(0.00081514265 5.5596438e-07 -3.5860786e-05)
(0.00077796838 -1.8158658e-06 -6.0541785e-05)
(0.0007153042 -4.3677516e-06 -0.00010380998)
(0.0006296644 -1.0689622e-05 -0.00018441056)
(0.00044103033 -1.5778209e-05 -0.00032133845)
(0.00023329736 -1.0283657e-05 -0.00048969786)
(0.00018314563 1.4607938e-05 0.00036230545)
(0.00024602378 -3.2533141e-06 0.00027702301)
(0.00050624676 -1.6097627e-06 0.00021754036)
(0.00062023354 -4.9013698e-06 0.00014542191)
(0.00071639941 -4.5000937e-06 9.2314052e-05)
(0.00078042399 -2.9832239e-06 5.7917981e-05)
(0.00081940138 -1.7091431e-06 3.6218323e-05)
(0.00084320602 -9.1312647e-07 2.2590487e-05)
(0.00085806446 -4.6526517e-07 1.407068e-05)
(0.0008673934 -2.2716373e-07 8.742682e-06)
(0.0008732093 -1.1054257e-07 5.3698397e-06)
(0.00087680739 -5.4606327e-08 3.1764004e-06)
(0.00087948969 -8.8338282e-08 1.7492375e-06)
(0.0010117902 4.8464315e-05 2.3123616e-07)
(0.0010444117 4.2639484e-05 -4.0599877e-07)
(0.00106915 2.6786371e-05 -2.0258173e-06)
(0.0010820373 1.4812072e-05 -4.6014864e-06)
(0.0010856619 7.3232288e-06 -8.4366484e-06)
(0.0010811424 3.1044381e-06 -1.4466702e-05)
(0.00106747 8.9448767e-07 -2.4311827e-05)
(0.0010415899 -3.9968634e-07 -4.0803513e-05)
(0.00099787064 -1.6767088e-06 -6.9164284e-05)
(0.00092193515 -3.7581857e-06 -0.00011936197)
(0.00081271366 -7.9671354e-06 -0.00021389354)
(0.0005723614 -1.5351694e-05 -0.00037952055)
(0.00030083987 -2.7323431e-05 -0.00059594927)
(0.00025539999 2.9424421e-05 0.00045314059)
(0.00032768813 1.0818947e-06 0.00035416222)
(0.00064262304 -4.0969847e-06 0.00028203762)
(0.00078964162 -5.7785637e-06 0.00019486365)
(0.0009079112 -5.4623429e-06 0.00012661574)
(0.00098896414 -3.7451225e-06 8.0640278e-05)
(0.0010394481 -2.1443828e-06 5.0926136e-05)
(0.0010707987 -1.1259767e-06 3.1962449e-05)
(0.0010906962 -5.6339884e-07 1.9976609e-05)
(0.0011034053 -2.6965892e-07 1.2437775e-05)
(0.0011114527 -1.2854236e-07 7.6631836e-06)
(0.0011164874 -7.6910269e-08 4.5723547e-06)
(0.0011202184 -9.0474782e-08 2.5666012e-06)
(0.0010161197 1.1944922e-09 2.1666563e-07)
(0.0010560917 1.5530527e-09 -4.3288775e-07)
(0.0010875473 5.9891952e-10 -2.0621447e-06)
(0.0011034491 -4.6438461e-10 -4.647896e-06)
(0.0011074218 -9.6415198e-10 -8.5003584e-06)
(0.0011021725 -9.770916e-10 -1.4557456e-05)
(0.0010875709 -7.8851049e-10 -2.444008e-05)
(0.0010608466 -5.8367564e-10 -4.0975082e-05)
(0.0010165429 -4.8057366e-10 -6.9405153e-05)
(0.00094009853 -4.7924676e-10 -0.00011966486)
(0.00083009241 -6.0231532e-10 -0.00021432597)
(0.00058931338 -4.3224204e-10 -0.00038020432)
(0.00031111587 1.6718365e-10 -0.00059665617)
(0.00026530794 3.029927e-09 0.00045476082)
(0.00034263645 1.3469976e-09 0.00035756859)
(0.00065693937 5.3945212e-11 0.00028591834)
(0.00080425658 -3.921805e-10 0.00019833709)
(0.00092265733 -4.8881707e-10 0.00012930784)
(0.0010039632 -4.3803029e-10 8.2569782e-05)
(0.0010547521 -3.3393227e-10 5.2236811e-05)
(0.0010864415 -2.2956399e-10 3.2820867e-05)
(0.0011066586 -8.6108931e-11 2.0527531e-05)
(0.0011196251 8.7843146e-11 1.2787267e-05)
(0.0011278605 4.0449026e-10 7.8825144e-06)
(0.0011330192 8.0322597e-10 4.7073934e-06)
(0.0011368377 1.165171e-09 2.6452126e-06)
(0.0010117905 -4.8462474e-05 2.3114277e-07)
(0.0010444129 -4.2637015e-05 -4.0611742e-07)
(0.001069152 -2.678524e-05 -2.0258578e-06)
(0.0010820394 -1.4812507e-05 -4.6014443e-06)
(0.0010856635 -7.3243812e-06 -8.4365718e-06)
(0.0010811435 -3.1055641e-06 -1.4466629e-05)
(0.0010674707 -8.9528993e-07 -2.4311775e-05)
(0.0010415903 3.9921151e-07 -4.0803486e-05)
(0.00099787084 1.6764072e-06 -6.9164285e-05)
(0.00092193511 3.7579042e-06 -0.000119362)
(0.00081271355 7.9665864e-06 -0.00021389364)
(0.00057236087 1.535126e-05 -0.0003795206)
(0.00030083978 2.732376e-05 -0.00059594932)
(0.00025540086 -2.9419733e-05 0.00045314069)
(0.00032768981 -1.0795923e-06 0.00035416217)
(0.00064262442 4.0972723e-06 0.00028203733)
(0.00078964279 5.778175e-06 0.00019486342)
(0.00090791196 5.4618168e-06 0.00012661558)
(0.00098896463 3.7446706e-06 8.0640176e-05)
(0.0010394484 2.1440697e-06 5.0926081e-05)
(0.0010707989 1.1257862e-06 3.1962422e-05)
(0.0010906965 5.6337791e-07 1.9976612e-05)
(0.0011034057 2.6989556e-07 1.2437777e-05)
(0.0011114534 1.2926429e-07 7.6632632e-06)
(0.0011164884 7.8249244e-08 4.5724264e-06)
(0.0011202201 9.2302214e-08 2.5667098e-06)
(0.00094388883 -5.3460933e-05 2.2390829e-07)
(0.00093893456 -4.9582021e-05 -3.5585981e-07)
(0.00090710368 -3.2642703e-05 -1.8243537e-06)
(0.00088347694 -1.9644367e-05 -4.106834e-06)
(0.00086883531 -1.1272845e-05 -7.4914947e-06)
(0.00085584698 -6.0851292e-06 -1.2799086e-05)
(0.0008393886 -2.8559806e-06 -2.1440628e-05)
(0.00081514347 -5.5636748e-07 -3.5860764e-05)
(0.00077796901 1.8154671e-06 -6.0541737e-05)
(0.00071530465 4.3672828e-06 -0.00010380988)
(0.00062966478 1.0688931e-05 -0.00018441048)
(0.00044103002 1.5777394e-05 -0.0003213381)
(0.00023329736 1.0283125e-05 -0.00048969764)
(0.00018314707 -1.4606595e-05 0.00036230513)
(0.00024602653 3.2537353e-06 0.00027702278)
(0.00050624886 1.6094878e-06 0.00021753984)
(0.00062023522 4.9008908e-06 0.00014542157)
(0.00071640033 4.4996022e-06 9.231378e-05)
(0.00078042439 2.9827645e-06 5.791782e-05)
(0.00081940141 1.7087361e-06 3.6218163e-05)
(0.00084320578 9.1276971e-07 2.259041e-05)
(0.00085806409 4.6498778e-07 1.4070553e-05)
(0.00086739314 2.2704626e-07 8.7426301e-06)
(0.00087320944 1.1071453e-07 5.3697957e-06)
(0.000876808 5.5059069e-08 3.1763646e-06)
(0.00087949173 8.8932048e-08 1.7492331e-06)
(0.00094388843 5.3461509e-05 -2.2343627e-07)
(0.00093893275 4.9582668e-05 3.5665174e-07)
(0.00090710067 3.2642814e-05 1.8249543e-06)
(0.00088347389 1.9643971e-05 4.1070965e-06)
(0.0008688329 1.1272263e-05 7.4915475e-06)
(0.00085584529 6.0845754e-06 1.2799072e-05)
(0.00083938744 2.8555272e-06 2.1440622e-05)
(0.00081514267 5.5595727e-07 3.586081e-05)
(0.00077796837 -1.8158607e-06 6.0541834e-05)
(0.00071530421 -4.3677415e-06 0.00010381008)
(0.00062966437 -1.0689606e-05 0.00018441074)
(0.00044103031 -1.5778165e-05 0.00032133864)
(0.00023329728 -1.0283764e-05 0.00048969794)
(0.00018314594 1.4607908e-05 -0.00036230977)
(0.00024602259 -3.253428e-06 -0.00027702632)
(0.00050624626 -1.6098276e-06 -0.00021754133)
(0.00062023303 -4.9014201e-06 -0.00014542181)
(0.00071639914 -4.5001241e-06 -9.2313547e-05)
(0.00078042384 -2.9832384e-06 -5.7917434e-05)
(0.0008194013 -1.70916e-06 -3.6217796e-05)
(0.00084320596 -9.1314546e-07 -2.259002e-05)
(0.00085806446 -4.6527285e-07 -1.407023e-05)
(0.00086739338 -2.2719181e-07 -8.7422196e-06)
(0.00087320924 -1.1052282e-07 -5.3693823e-06)
(0.00087680728 -5.4594588e-08 -3.1759758e-06)
(0.00087948938 -8.8306205e-08 -1.7488809e-06)
(0.0010117902 4.8464261e-05 -2.3060756e-07)
(0.0010444118 4.263942e-05 4.0697611e-07)
(0.0010691501 2.6786356e-05 2.0264639e-06)
(0.0010820375 1.4812106e-05 4.6016335e-06)
(0.001085662 7.3232838e-06 8.4364989e-06)
(0.0010811425 3.1044862e-06 1.4466487e-05)
(0.0010674701 8.9452513e-07 2.431168e-05)
(0.00104159 -3.9967245e-07 4.0803488e-05)
(0.00099787073 -1.6766957e-06 6.9164396e-05)
(0.00092193522 -3.758177e-06 0.00011936224)
(0.00081271376 -7.9671157e-06 0.00021389394)
(0.00057236144 -1.5351665e-05 0.00037952113)
(0.00030084007 -2.7323477e-05 0.00059594959)
(0.00025540038 2.9424123e-05 -0.00045314523)
(0.00032768667 1.0817064e-06 -0.00035416559)
(0.00064262225 -4.0970911e-06 -0.0002820383)
(0.00078964084 -5.778612e-06 -0.00019486298)
(0.0009079107 -5.462372e-06 -0.00012661456)
(0.00098896385 -3.7451301e-06 -8.0639044e-05)
(0.0010394479 -2.1444009e-06 -5.0924972e-05)
(0.0010707986 -1.1259864e-06 -3.196141e-05)
(0.0010906962 -5.6341876e-07 -1.997563e-05)
(0.0011034052 -2.6967119e-07 -1.2436863e-05)
(0.0011114526 -1.2852253e-07 -7.6623148e-06)
(0.0011164872 -7.6892576e-08 -4.5716e-06)
(0.001120218 -9.0437095e-08 -2.5659846e-06)
(0.0010161197 1.1221963e-09 -2.1615949e-07)
(0.0010560917 1.4683811e-09 4.3370255e-07)
(0.0010875473 5.8112581e-10 2.0627223e-06)
(0.0011034492 -4.1543344e-10 4.6480749e-06)
(0.0011074219 -8.8753752e-10 8.5002837e-06)
(0.0011021726 -9.0481578e-10 1.4557315e-05)
(0.001087571 -7.3436111e-10 2.4439988e-05)
(0.0010608467 -5.4595552e-10 4.0975097e-05)
(0.0010165429 -4.5590888e-10 6.9405298e-05)
(0.00094009861 -4.5756844e-10 0.00011966515)
(0.0008300925 -5.7357082e-10 0.00021432643)
(0.00058931345 -4.1240219e-10 0.00038020491)
(0.00031111597 1.5241623e-10 0.00059665659)
(0.00026530817 2.6383585e-09 -0.00045476486)
(0.00034263495 1.2356236e-09 -0.00035757135)
(0.0006569385 3.1037798e-11 -0.00028591861)
(0.00080425574 -3.7000834e-10 -0.00019833614)
(0.00092265679 -4.5995981e-10 -0.00012930645)
(0.0010039628 -4.0647767e-10 -8.2568374e-05)
(0.0010547519 -3.1177484e-10 -5.2235509e-05)
(0.0010864414 -2.0458933e-10 -3.2819682e-05)
(0.0011066585 -6.8909279e-11 -2.052644e-05)
(0.001119625 1.1013137e-10 -1.2786227e-05)
(0.0011278604 4.3960698e-10 -7.8815213e-06)
(0.001133019 8.1575455e-10 -4.7065338e-06)
(0.0011368374 1.1730209e-09 -2.6444938e-06)
(0.0010117905 -4.8462526e-05 -2.3075704e-07)
(0.0010444128 -4.2637079e-05 4.0678304e-07)
(0.0010691519 -2.678526e-05 2.0263855e-06)
(0.0010820394 -1.481248e-05 4.6016778e-06)
(0.0010856635 -7.3243343e-06 8.4365957e-06)
(0.0010811436 -3.1055193e-06 1.4466579e-05)
(0.0010674708 -8.952528e-07 2.4311747e-05)
(0.0010415904 3.9923606e-07 4.0803528e-05)
(0.00099787091 1.676423e-06 6.9164433e-05)
(0.00092193518 3.757921e-06 0.00011936229)
(0.00081271366 7.9666092e-06 0.00021389406)
(0.00057236094 1.5351308e-05 0.00037952119)
(0.00030083994 2.7323759e-05 0.00059594966)
(0.00025540102 -2.941997e-05 -0.00045314442)
(0.00032768833 -1.079566e-06 -0.00035416467)
(0.00064262357 4.0973387e-06 -0.00028203752)
(0.00078964197 5.7782586e-06 -0.00019486252)
(0.00090791144 5.461881e-06 -0.00012661431)
(0.00098896431 3.7447354e-06 -8.0638905e-05)
(0.0010394482 2.1441037e-06 -5.0924904e-05)
(0.0010707988 1.1258447e-06 -3.1961369e-05)
(0.0010906964 5.6340327e-07 -1.9975622e-05)
(0.0011034057 2.6996459e-07 -1.2436841e-05)
(0.0011114533 1.2928389e-07 -7.6623188e-06)
(0.0011164881 7.8249928e-08 -4.5716072e-06)
(0.0011202198 9.225721e-08 -2.5660178e-06)
(0.00094388882 -5.3460949e-05 -2.236459e-07)
(0.0009389345 -4.9582038e-05 3.5634277e-07)
(0.0009071036 -3.2642705e-05 1.8247505e-06)
(0.00088347687 -1.9644355e-05 4.1070183e-06)
(0.00086883527 -1.1272828e-05 7.4915152e-06)
(0.00085584696 -6.0851125e-06 1.2799025e-05)
(0.00083938859 -2.8559653e-06 2.1440547e-05)
(0.00081514347 -5.5635411e-07 3.5860696e-05)
(0.00077796901 1.8154757e-06 6.0541701e-05)
(0.00071530464 4.3672867e-06 0.0001038099)
(0.00062966478 1.0688946e-05 0.00018441057)
(0.00044103 1.5777417e-05 0.00032133826)
(0.00023329741 1.02832e-05 0.00048969767)
(0.00018314712 -1.460671e-05 -0.00036230829)
(0.00024602534 3.253805e-06 -0.00027702509)
(0.0005062483 1.6095506e-06 -0.0002175404)
(0.00062023466 4.9009704e-06 -0.00014542138)
(0.00071640003 4.4996522e-06 -9.2313384e-05)
(0.00078042421 2.982824e-06 -5.791741e-05)
(0.00081940133 1.7087546e-06 -3.6217845e-05)
(0.00084320573 9.1283052e-07 -2.2590097e-05)
(0.0008580641 4.6498396e-07 -1.4070314e-05)
(0.00086739318 2.2713007e-07 -8.7422877e-06)
(0.00087320938 1.107067e-07 -5.3694403e-06)
(0.0008768079 5.5056895e-08 -3.176002e-06)
(0.00087949139 8.8879887e-08 -1.7489002e-06)
(0.00094461722 5.3443273e-05 -7.5691784e-06)
(0.00094167784 4.957551e-05 -9.1881137e-06)
(0.00091234726 3.2665937e-05 -6.0600674e-06)
(0.00089172241 1.9723967e-05 -3.656018e-07)
(0.00088166304 1.1408554e-05 7.313485e-06)
(0.00087639824 6.3102388e-06 1.7520846e-05)
(0.00087301701 3.2439926e-06 3.1687964e-05)
(0.00087107118 1.2527459e-06 5.2440254e-05)
(0.00087194653 -4.0973915e-07 8.406495e-05)
(0.00087802612 -2.0167164e-06 0.00013310666)
(0.00090279265 -4.340142e-06 0.00021256138)
(0.00095152327 -5.112646e-06 0.00032824694)
(0.0010705142 8.5796255e-07 0.00049276654)
(0.0011308732 2.0545582e-05 0.00025360872)
(0.0009932144 1.5459498e-05 9.3383428e-05)
(0.00098577562 1.2196993e-05 1.5602076e-06)
(0.0010382609 1.1501137e-05 -8.0385548e-05)
(0.0010388737 1.5884784e-05 -0.00027751918)
(0.00093218667 6.5051868e-06 -0.00028946391)
(0.0008950304 9.9763927e-07 -0.00026344729)
(0.00087842587 -1.392915e-06 -0.00019597334)
(0.00087352728 -1.8260274e-06 -0.00013075315)
(0.00087377916 -1.4854419e-06 -8.3132835e-05)
(0.00087554217 -1.0095209e-06 -5.2062823e-05)
(0.00087745826 -6.3063944e-07 -3.2622671e-05)
(0.00087915435 -3.766812e-07 -2.057355e-05)
(0.00088053389 -2.1896844e-07 -1.3038774e-05)
(0.00088158658 -1.2537786e-07 -8.2208374e-06)
(0.00088236545 -6.9346456e-08 -5.0384193e-06)
(0.00088311336 -5.5653667e-08 -2.960072e-06)
(0.0010125623 4.8463987e-05 -8.1366235e-06)
(0.0010473716 4.2622773e-05 -1.0107459e-05)
(0.0010749265 2.6789419e-05 -6.788355e-06)
(0.0010912762 1.4856536e-05 -4.2989228e-07)
(0.0011001515 7.3894717e-06 8.2811651e-06)
(0.001104456 3.1982889e-06 1.9986641e-05)
(0.0011057271 1.0417178e-06 3.6337477e-05)
(0.0011053932 -1.3786293e-07 6.0391748e-05)
(0.001105673 -1.1206764e-06 9.7186926e-05)
(0.0011094257 -2.4458342e-06 0.00015466674)
(0.0011309352 -4.4107042e-06 0.00024820287)
(0.0011782445 -6.1572539e-06 0.00038748884)
(0.0013009633 -1.4995461e-06 0.00059131107)
(0.0013895206 2.2734312e-05 0.00034137872)
(0.0012433913 2.0566814e-05 0.00015284309)
(0.0012359839 1.2799524e-05 3.1528838e-05)
(0.0013036053 9.5257155e-06 -7.7894261e-05)
(0.0013184128 1.2872808e-05 -0.0003104172)
(0.0012061374 6.5194148e-06 -0.0003443761)
(0.0011579414 5.9133226e-07 -0.00032782411)
(0.0011329782 -1.8657207e-06 -0.00025648489)
(0.0011218834 -2.1739399e-06 -0.00017793741)
(0.0011183048 -1.6813048e-06 -0.00011612632)
(0.0011180678 -1.0873781e-06 -7.3884802e-05)
(0.0011191214 -6.415015e-07 -4.672112e-05)
(0.0011205896 -3.6120909e-07 -2.9630085e-05)
(0.0011220509 -1.9872418e-07 -1.8863802e-05)
(0.0011233006 -1.0947645e-07 -1.1960742e-05)
(0.0011242901 -6.4825108e-08 -7.4012973e-06)
(0.0011252713 -5.0460542e-08 -4.4037985e-06)
(0.0010168977 1.0045007e-09 -8.2039472e-06)
(0.0010590637 1.3201036e-09 -1.0191266e-05)
(0.0010933406 5.3045741e-10 -6.8606825e-06)
(0.0011127258 -3.6456049e-10 -4.8672038e-07)
(0.001121984 -7.9492996e-10 8.2520372e-06)
(0.0011255961 -8.1646565e-10 1.9996548e-05)
(0.0011259678 -6.6569365e-10 3.6384508e-05)
(0.0011248332 -4.9580264e-10 6.045662e-05)
(0.0011244941 -3.9710138e-10 9.7281581e-05)
(0.0011277037 -3.7503949e-10 0.00015473203)
(0.0011484561 -4.1739281e-10 0.00024827133)
(0.001194846 -4.0981613e-10 0.00038774792)
(0.0013140152 -2.3645089e-10 0.00059176368)
(0.0014029754 -9.7357942e-11 0.00034648654)
(0.001260901 1.1815251e-10 0.00015894376)
(0.0012555811 2.6971008e-10 3.5951082e-05)
(0.0013231315 2.684168e-10 -7.5775516e-05)
(0.0013389866 1.4102769e-10 -0.00030758711)
(0.0012278432 -4.7921216e-11 -0.00034408221)
(0.0011791186 -2.2671264e-10 -0.00032998815)
(0.0011528773 -3.0675653e-10 -0.0002598805)
(0.0011404461 -3.1245813e-10 -0.00018125165)
(0.0011359422 -2.7422731e-10 -0.00011875333)
(0.0011351772 -2.235642e-10 -7.5748715e-05)
(0.0011359717 -1.5034441e-10 -4.7970716e-05)
(0.0011373379 -5.0005719e-11 -3.0449089e-05)
(0.001138775 1.3616409e-10 -1.9397208e-05)
(0.0011400319 4.1730773e-10 -1.2307076e-05)
(0.0011410356 8.0761037e-10 -7.6233974e-06)
(0.001142033 1.1336247e-09 -4.539101e-06)
(0.0010125625 -4.8462426e-05 -8.1368152e-06)
(0.0010473725 -4.2620655e-05 -1.0107709e-05)
(0.0010749281 -2.6788412e-05 -6.7884715e-06)
(0.0010912779 -1.4856849e-05 -4.2986734e-07)
(0.0011001529 -7.3904002e-06 8.2812467e-06)
(0.001104457 -3.1992067e-06 1.9986707e-05)
(0.0011057278 -1.0423661e-06 3.6337491e-05)
(0.0011053936 1.3748567e-07 6.0391658e-05)
(0.0011056732 1.1204809e-06 9.7186909e-05)
(0.0011094257 2.4457104e-06 0.00015466675)
(0.0011309351 4.4105122e-06 0.00024820294)
(0.0011782443 6.1570287e-06 0.00038748887)
(0.0013009631 1.4994409e-06 0.00059131118)
(0.0013895203 -2.2734345e-05 0.00034137921)
(0.0012433909 -2.0566553e-05 0.00015284397)
(0.0012359834 -1.2799e-05 3.1529712e-05)
(0.0013036048 -9.5251278e-06 -7.7893631e-05)
(0.0013184124 -1.2872353e-05 -0.00031041646)
(0.0012061375 -6.5192036e-06 -0.00034437525)
(0.0011579416 -5.9139982e-07 -0.00032782327)
(0.0011329785 1.86552e-06 -0.0002564843)
(0.0011218837 2.1737274e-06 -0.00017793707)
(0.0011183049 1.681121e-06 -0.00011612616)
(0.0011180679 1.0872398e-06 -7.3884743e-05)
(0.0011191215 6.4141621e-07 -4.6721107e-05)
(0.0011205899 3.6124749e-07 -2.9630095e-05)
(0.0011220513 1.9901443e-07 -1.8863789e-05)
(0.0011233013 1.1024378e-07 -1.1960757e-05)
(0.0011242909 6.6222643e-08 -7.4013285e-06)
(0.0011252728 5.2326711e-08 -4.4038474e-06)
(0.00094461758 -5.3442767e-05 -7.5694513e-06)
(0.00094167943 -4.9574939e-05 -9.1885186e-06)
(0.00091234992 -3.2665835e-05 -6.0603541e-06)
(0.00089172513 -1.9724311e-05 -3.6574742e-07)
(0.00088166521 -1.1409064e-05 7.3133736e-06)
(0.00087639978 -6.3107232e-06 1.75207e-05)
(0.00087301807 -3.2443934e-06 3.1687749e-05)
(0.00087107193 -1.2530967e-06 5.2439969e-05)
(0.0008719471 4.0941838e-07 8.4064619e-05)
(0.00087802657 2.0163845e-06 0.00013310625)
(0.000902793 4.339729e-06 0.00021256096)
(0.00095152333 5.1121289e-06 0.00032824637)
(0.0010705141 -8.5853802e-07 0.00049276613)
(0.0011308729 -2.054611e-05 0.00025360898)
(0.00099321381 -1.5459826e-05 9.3384221e-05)
(0.00098577488 -1.2197164e-05 1.5610043e-06)
(0.0010382601 -1.150125e-05 -8.0384974e-05)
(0.0010388731 -1.5884933e-05 -0.00027751828)
(0.00093218683 -6.5054093e-06 -0.00028946275)
(0.00089503079 -9.9794603e-07 -0.00026344621)
(0.00087842623 1.392571e-06 -0.00019597272)
(0.00087352747 1.8256875e-06 -0.00013075289)
(0.00087377917 1.4850989e-06 -8.313283e-05)
(0.00087554201 1.0091918e-06 -5.2062912e-05)
(0.00087745796 6.3032241e-07 -3.2622841e-05)
(0.00087915399 3.7644523e-07 -2.0573682e-05)
(0.00088053368 2.1887784e-07 -1.303891e-05)
(0.0008815868 1.2561371e-07 -8.2209321e-06)
(0.00088236617 6.9887666e-08 -5.0384607e-06)
(0.00088311551 5.6344307e-08 -2.9600703e-06)
(0.00094684494 5.327476e-05 -1.0709009e-05)
(0.00094878604 4.9344948e-05 -1.2714542e-05)
(0.00092254813 3.258535e-05 -8.6036044e-06)
(0.00090387009 1.9751075e-05 -1.7771587e-06)
(0.00089557645 1.143286e-05 6.4603306e-06)
(0.00089238572 6.3089906e-06 1.6090357e-05)
(0.00089210364 3.2585782e-06 2.7951903e-05)
(0.00089495904 1.3804728e-06 4.3241413e-05)
(0.0009024156 3.6366694e-08 6.3243573e-05)
(0.0009173392 -1.0793309e-06 8.8973848e-05)
(0.00094651428 -2.3861952e-06 0.00012127875)
(0.000996482 -3.0504076e-06 0.00015197916)
(0.0010981461 -4.1707528e-06 0.00016363793)
(0.0011923561 -6.8919392e-08 2.5648306e-05)
(0.0012226418 1.9875304e-06 -3.3134648e-05)
(0.0012216742 2.3459675e-06 -6.26792e-05)
(0.0012088714 2.0791737e-06 -9.0365506e-05)
(0.0011623125 3.4399818e-06 -0.00014687704)
(0.0010796916 2.0788079e-06 -0.00014892497)
(0.0010049329 5.1993875e-07 -0.00012992382)
(0.0009518891 -3.4695308e-07 -0.00010242435)
(0.00091952303 -5.264858e-07 -7.5721567e-05)
(0.00090189324 -3.9226679e-07 -5.4079634e-05)
(0.00089294451 -2.1148156e-07 -3.7953486e-05)
(0.00088852765 -7.994009e-08 -2.6341848e-05)
(0.00088637986 -7.2465155e-09 -1.8094045e-05)
(0.00088535711 2.4863894e-08 -1.2266041e-05)
(0.0008848789 3.4922808e-08 -8.1382321e-06)
(0.00088465469 3.2323465e-08 -5.1804617e-06)
(0.00088449314 2.7854636e-08 -3.1372539e-06)
(0.0010147784 4.8463973e-05 -1.1639829e-05)
(0.0010548797 4.2488705e-05 -1.4295923e-05)
(0.0010861933 2.6752301e-05 -9.9229333e-06)
(0.0011050027 1.4898298e-05 -2.2786625e-06)
(0.001116143 7.4337781e-06 7.1422272e-06)
(0.0011231655 3.2394909e-06 1.8307323e-05)
(0.0011284573 1.1208354e-06 3.2178951e-05)
(0.0011343899 8.773697e-08 5.0213727e-05)
(0.001143753 -5.0745946e-07 7.4090689e-05)
(0.0011603829 -1.0615926e-06 0.00010542276)
(0.0011921459 -1.7640722e-06 0.00014583691)
(0.0012476385 -2.5154782e-06 0.00018755231)
(0.0013609644 -2.2537358e-06 0.00020924423)
(0.0014757753 7.1471305e-07 5.4287245e-05)
(0.0015239922 2.2185031e-06 -2.2513745e-05)
(0.0015359466 2.1637066e-06 -6.4228493e-05)
(0.0015287403 2.053776e-06 -0.00010081124)
(0.001481568 2.1486395e-06 -0.00016844007)
(0.0013904101 1.1472774e-06 -0.00017899302)
(0.0012996102 -3.5307253e-07 -0.00016212275)
(0.0012295312 -1.1018486e-06 -0.0001321771)
(0.0011834067 -1.0943396e-06 -0.00010040634)
(0.001156502 -7.8651839e-07 -7.3152483e-05)
(0.0011420526 -4.7052903e-07 -5.2086363e-05)
(0.0011346172 -2.4299361e-07 -3.6553365e-05)
(0.0011308776 -1.0836932e-07 -2.5341197e-05)
(0.0011290386 -3.841739e-08 -1.7327019e-05)
(0.0011281514 -5.3453834e-09 -1.1605458e-05)
(0.0011277267 8.372352e-09 -7.4852938e-06)
(0.0011274526 1.4068224e-08 -4.6077052e-06)
(0.0010191229 8.7861849e-10 -1.1629221e-05)
(0.0010666015 1.1685086e-09 -1.4291034e-05)
(0.0011046429 4.8542095e-10 -9.9260306e-06)
(0.0011264872 -3.1093814e-10 -2.2886532e-06)
(0.0011380154 -7.0916548e-10 7.1484441e-06)
(0.0011443299 -7.5229663e-10 1.834758e-05)
(0.0011486743 -6.5434072e-10 3.2257543e-05)
(0.0011537765 -5.9573062e-10 5.0323376e-05)
(0.0011624611 -4.0647772e-10 7.4239333e-05)
(0.0011785433 -3.4786957e-10 0.00010561571)
(0.001209853 -3.4966343e-10 0.0001461478)
(0.0012648602 -3.7553915e-10 0.00018821456)
(0.0013774485 -3.9032466e-10 0.00021047466)
(0.0014929064 -4.5109703e-10 5.7940816e-05)
(0.0015428691 -5.0659373e-10 -1.8555986e-05)
(0.0015566276 -5.1242418e-10 -6.1516669e-05)
(0.0015504139 -4.7922924e-10 -9.9394181e-05)
(0.0015038741 -4.6866575e-10 -0.0001675636)
(0.0014129473 -4.6431776e-10 -0.00017905244)
(0.0013215327 -4.3117652e-10 -0.00016315562)
(0.001250166 -3.8950693e-10 -0.00013379369)
(0.0012026528 -3.426854e-10 -0.00010210444)
(0.0011747022 -2.8957773e-10 -7.4640522e-05)
(0.0011596001 -2.3808837e-10 -5.3271471e-05)
(0.0011517991 -1.623534e-10 -3.7445741e-05)
(0.001147871 -5.2450184e-11 -2.5990274e-05)
(0.0011459413 1.5047119e-10 -1.7788464e-05)
(0.0011450133 4.3793607e-10 -1.1927058e-05)
(0.0011445726 7.8769842e-10 -7.7027514e-06)
(0.0011442922 1.1209078e-09 -4.7463182e-06)
(0.0010147785 -4.8462601e-05 -1.1640034e-05)
(0.0010548804 -4.248682e-05 -1.4296185e-05)
(0.0010861947 -2.6751372e-05 -9.9230452e-06)
(0.0011050041 -1.4898544e-05 -2.2786215e-06)
(0.0011161441 -7.4346021e-06 7.1423283e-06)
(0.0011231663 -3.2403374e-06 1.8307412e-05)
(0.0011284577 -1.1214727e-06 3.2178998e-05)
(0.0011343902 -8.8156862e-08 5.0213727e-05)
(0.0011437533 5.072183e-07 7.4090689e-05)
(0.001160383 1.0614496e-06 0.00010542278)
(0.0011921459 1.7639433e-06 0.00014583696)
(0.0012476384 2.5153091e-06 0.00018755236)
(0.0013609643 2.2535265e-06 0.00020924435)
(0.0014757751 -7.1501467e-07 5.4287445e-05)
(0.001523992 -2.2188908e-06 -2.2513551e-05)
(0.0015359465 -2.1641001e-06 -6.4228364e-05)
(0.0015287402 -2.0541306e-06 -0.00010081112)
(0.0014815679 -2.1489999e-06 -0.00016843984)
(0.0013904101 -1.1476597e-06 -0.00017899275)
(0.0012996103 3.5269333e-07 -0.00016212252)
(0.0012295313 1.1015138e-06 -0.00013217695)
(0.0011834068 1.0940751e-06 -0.00010040626)
(0.0011565021 7.8630186e-07 -7.3152451e-05)
(0.0011420527 4.7035976e-07 -5.2086364e-05)
(0.0011346173 2.4287301e-07 -3.6553378e-05)
(0.0011308778 1.083795e-07 -2.5341213e-05)
(0.0011290391 3.8695821e-08 -1.732703e-05)
(0.001128152 6.1012359e-09 -1.1605463e-05)
(0.0011277277 -6.9805235e-09 -7.4852921e-06)
(0.0011274542 -1.2176842e-08 -4.6077054e-06)
(0.00094684523 -5.3274311e-05 -1.0709314e-05)
(0.00094878736 -4.9344428e-05 -1.2714986e-05)
(0.00092255038 -3.2585238e-05 -8.6039127e-06)
(0.00090387241 -1.9751361e-05 -1.7773123e-06)
(0.0008955783 -1.143331e-05 6.4602173e-06)
(0.00089238703 -6.3094251e-06 1.6090202e-05)
(0.00089210451 -3.2589318e-06 2.7951677e-05)
(0.00089495966 -1.3807092e-06 4.3241119e-05)
(0.00090241606 -3.6655428e-08 6.3243215e-05)
(0.00091733952 1.0790413e-06 8.8973418e-05)
(0.00094651447 2.385884e-06 0.00012127826)
(0.00099648201 3.0500443e-06 0.00015197856)
(0.0010981459 4.1703488e-06 0.0001636374)
(0.0011923557 6.8514893e-08 2.5648003e-05)
(0.0012226414 -1.9879286e-06 -3.3134831e-05)
(0.0012216739 -2.3463296e-06 -6.2679338e-05)
(0.0012088711 -2.0795047e-06 -9.036558e-05)
(0.0011623122 -3.4403093e-06 -0.0001468769)
(0.0010796915 -2.0791439e-06 -0.0001489248)
(0.001004933 -5.2029217e-07 -0.00012992371)
(0.00095188923 3.4660853e-07 -0.00010242436)
(0.00091952312 5.2616772e-07 -7.572169e-05)
(0.00090189322 3.9194597e-07 -5.4079817e-05)
(0.00089294437 2.11175e-07 -3.7953704e-05)
(0.00088852739 7.9634366e-08 -2.6342057e-05)
(0.00088637958 7.0206468e-09 -1.8094243e-05)
(0.00088535696 -2.4945672e-08 -1.2266178e-05)
(0.00088487912 -3.4692507e-08 -8.1383435e-06)
(0.00088465537 -3.1744028e-08 -5.1805455e-06)
(0.00088449524 -2.7103294e-08 -3.1372882e-06)
(0.00094811337 5.3374746e-05 -3.9530209e-05)
(0.0009524932 4.9330816e-05 -3.9356643e-05)
(0.0009266711 3.2619237e-05 -2.7800526e-05)
(0.00090866351 1.9818341e-05 -1.4578156e-05)
(0.00090206617 1.1535177e-05 -2.6044055e-06)
(0.000902183 6.4709338e-06 8.1748887e-06)
(0.00090721845 3.5202721e-06 1.896591e-05)
(0.00091727446 1.7992393e-06 3.0991279e-05)
(0.00093330781 7.0743038e-07 4.5203514e-05)
(0.00095704943 -6.6261708e-08 6.1971116e-05)
(0.00099107182 -7.0921782e-07 8.0653431e-05)
(0.0010369049 -9.789663e-07 9.7294635e-05)
(0.001097453 -1.2298771e-06 0.0001053401)
(0.0011407472 8.6331926e-07 7.4452436e-05)
(0.0011461196 1.7615609e-06 3.6440568e-05)
(0.0011342458 1.8052256e-06 1.0099687e-06)
(0.001116601 1.4229599e-06 -3.1322406e-05)
(0.0010868696 1.5386525e-06 -6.42678e-05)
(0.0010443217 9.9053152e-07 -7.9407397e-05)
(0.0010019427 2.4392726e-07 -7.842504e-05)
(0.00096737275 -2.2499211e-07 -6.8123789e-05)
(0.00094142925 -3.5898296e-07 -5.4392063e-05)
(0.000922611 -3.1727383e-07 -4.1040838e-05)
(0.00090919831 -2.249514e-07 -2.9839449e-05)
(0.00089975038 -1.3829883e-07 -2.1151739e-05)
(0.00089316166 -7.3397709e-08 -1.4700223e-05)
(0.00088862535 -2.9540196e-08 -1.00244e-05)
(0.00088556492 -1.3380027e-09 -6.6677045e-06)
(0.00088355448 1.1048668e-08 -4.2477782e-06)
(0.00088198336 4.7574581e-08 -2.5707221e-06)
(0.0010156885 4.8524399e-05 -4.280779e-05)
(0.0010582069 4.2391355e-05 -4.4466275e-05)
(0.0010902336 2.6750839e-05 -3.1555862e-05)
(0.0011098262 1.4961557e-05 -1.7029247e-05)
(0.0011229296 7.5244975e-06 -3.623027e-06)
(0.0011337687 3.3389618e-06 8.8088194e-06)
(0.001145203 1.2446997e-06 2.1427088e-05)
(0.0011595804 2.7097085e-07 3.5558414e-05)
(0.00117923 -2.1809317e-07 5.2377155e-05)
(0.0012068455 -5.7697304e-07 7.246112e-05)
(0.0012458978 -9.4066823e-07 9.5330225e-05)
(0.0012991047 -1.2416e-06 0.00011688971)
(0.0013707904 -1.1451218e-06 0.000129234)
(0.0014273561 -4.7115485e-09 9.7615606e-05)
(0.0014426291 8.5618199e-07 5.4392653e-05)
(0.0014350519 1.0603265e-06 1.1913578e-05)
(0.0014177128 7.9688644e-07 -2.839193e-05)
(0.0013856764 6.0442009e-07 -6.9373111e-05)
(0.0013373386 3.1152411e-07 -9.1928384e-05)
(0.0012859782 -1.3891176e-07 -9.5212063e-05)
(0.0012416457 -4.3358762e-07 -8.5810485e-05)
(0.001207012 -4.728609e-07 -7.0543309e-05)
(0.0011812106 -3.7440417e-07 -5.4427658e-05)
(0.001162536 -2.4944958e-07 -4.0226392e-05)
(0.0011492891 -1.4632839e-07 -2.8863112e-05)
(0.0011400322 -7.5150542e-08 -2.0251734e-05)
(0.0011336586 -3.0659443e-08 -1.3926737e-05)
(0.0011293586 -3.2522278e-09 -9.3491761e-06)
(0.0011265364 1.765661e-08 -6.0351898e-06)
(0.0011243645 4.5249363e-08 -3.7200319e-06)
(0.0010199853 7.4722881e-10 -4.2922202e-05)
(0.0010697961 1.0210446e-09 -4.4638556e-05)
(0.0011085262 4.6889099e-10 -3.1756416e-05)
(0.0011311751 -2.0127137e-10 -1.7220565e-05)
(0.0011447137 -5.4698707e-10 -3.7313428e-06)
(0.0011548948 -5.8680552e-10 8.8235233e-06)
(0.001165432 -4.9129928e-10 2.1566428e-05)
(0.001179026 -3.7866457e-10 3.5813502e-05)
(0.0011980684 -2.7312159e-10 5.2739664e-05)
(0.0012252463 -2.16546e-10 7.2960339e-05)
(0.0012640119 -1.9502765e-10 9.6002074e-05)
(0.0013170059 -1.940562e-10 0.00011780763)
(0.0013885757 -2.0217298e-10 0.00013052828)
(0.0014456305 -2.0144129e-10 9.9452412e-05)
(0.0014619396 -2.0809578e-10 5.6254337e-05)
(0.0014552242 -2.015032e-10 1.3463823e-05)
(0.001438316 -1.9817208e-10 -2.7385396e-05)
(0.0014064498 -2.0424729e-10 -6.8921521e-05)
(0.0013580264 -2.0503443e-10 -9.2122422e-05)
(0.0013062922 -1.9306868e-10 -9.6036113e-05)
(0.0012613375 -1.7679985e-10 -8.7043932e-05)
(0.0012259729 -1.6399241e-10 -7.1882944e-05)
(0.0011995232 -1.4316131e-10 -5.5658464e-05)
(0.0011803524 -1.2326272e-10 -4.1248924e-05)
(0.0011667505 -7.1875976e-11 -2.9659387e-05)
(0.0011572481 1.0019745e-11 -2.0845082e-05)
(0.0011507091 1.8050972e-10 -1.4354938e-05)
(0.0011463018 4.4349647e-10 -9.6492243e-06)
(0.0011434148 8.1872528e-10 -6.2374616e-06)
(0.0011412001 1.1293604e-09 -3.8478504e-06)
(0.0010156886 -4.8523236e-05 -4.2807984e-05)
(0.0010582075 -4.238971e-05 -4.4466539e-05)
(0.0010902347 -2.6749954e-05 -3.1556014e-05)
(0.0011098273 -1.4961647e-05 -1.7029282e-05)
(0.0011229306 -7.5250748e-06 -3.6230215e-06)
(0.0011337694 -3.3395601e-06 8.8088102e-06)
(0.0011452035 -1.245116e-06 2.1427059e-05)
(0.0011595807 -2.7118518e-07 3.5558412e-05)
(0.0011792303 2.1803924e-07 5.2377053e-05)
(0.0012068456 5.7702353e-07 7.2460998e-05)
(0.0012458979 9.4077223e-07 9.5330116e-05)
(0.0012991047 1.2417172e-06 0.00011688962)
(0.0013707904 1.1452258e-06 0.00012923395)
(0.0014273561 4.7965727e-09 9.7615621e-05)
(0.0014426291 -8.5610467e-07 5.4392706e-05)
(0.0014350519 -1.0602589e-06 1.1913625e-05)
(0.0014177127 -7.968292e-07 -2.8391911e-05)
(0.0013856764 -6.0438301e-07 -6.9373091e-05)
(0.0013373386 -3.1150253e-07 -9.1928358e-05)
(0.0012859782 1.3893029e-07 -9.5212072e-05)
(0.0012416457 4.3360769e-07 -8.581053e-05)
(0.001207012 4.7287878e-07 -7.0543391e-05)
(0.0011812106 3.7441322e-07 -5.4427764e-05)
(0.001162536 2.4944655e-07 -4.022652e-05)
(0.0011492892 1.4635223e-07 -2.8863238e-05)
(0.0011400324 7.5271598e-08 -2.0251843e-05)
(0.001133659 3.10428e-08 -1.3926789e-05)
(0.0011293593 4.0663026e-09 -9.3491739e-06)
(0.0011265374 -1.6265248e-08 -6.0351277e-06)
(0.0011243661 -4.3387709e-08 -3.719987e-06)
(0.0009481136 -5.3374372e-05 -3.9530503e-05)
(0.00095249425 -4.9330362e-05 -3.9357097e-05)
(0.00092667291 -3.2619104e-05 -2.7800896e-05)
(0.00090866541 -1.9818532e-05 -1.4578422e-05)
(0.00090206772 -1.1535497e-05 -2.6046568e-06)
(0.00090218412 -6.4712407e-06 8.1745869e-06)
(0.00090721922 -3.5205186e-06 1.8965547e-05)
(0.000917275 -1.7994309e-06 3.099087e-05)
(0.00093330821 -7.076008e-07 4.5203048e-05)
(0.00095704972 6.6110541e-08 6.19706e-05)
(0.00099107201 7.0907431e-07 8.0652871e-05)
(0.001036905 9.7881504e-07 9.7294049e-05)
(0.001097453 1.2297106e-06 0.00010533954)
(0.0011407471 -8.6349887e-07 7.4451989e-05)
(0.0011461194 -1.761727e-06 3.6440224e-05)
(0.0011342456 -1.8053917e-06 1.0096609e-06)
(0.0011166008 -1.4231232e-06 -3.1322692e-05)
(0.0010868694 -1.5388127e-06 -6.426802e-05)
(0.0010443216 -9.9069364e-07 -7.9407582e-05)
(0.0010019426 -2.4409687e-07 -7.842523e-05)
(0.00096737273 2.2481298e-07 -6.8124037e-05)
(0.0009414292 3.5879264e-07 -5.4392368e-05)
(0.00092261088 3.1706311e-07 -4.1041205e-05)
(0.0009091981 2.2472647e-07 -2.9839826e-05)
(0.00089975008 1.3808526e-07 -2.1152121e-05)
(0.00089316137 7.3253417e-08 -1.4700538e-05)
(0.00088862522 2.9572106e-08 -1.0024612e-05)
(0.00088556516 1.6460201e-09 -6.6677999e-06)
(0.00088355518 -1.0491797e-08 -4.2477697e-06)
(0.00088198554 -4.6853718e-08 -2.5706812e-06)
(0.00091405798 5.0990294e-05 -3.5852822e-05)
(0.00090280142 4.4895019e-05 -3.4659842e-05)
(0.00084449821 2.9466537e-05 -2.4364561e-05)
(0.00080715399 1.7722888e-05 -1.4974793e-05)
(0.00079007621 1.0182823e-05 -7.8458505e-06)
(0.00078435881 5.7344464e-06 -2.5026422e-06)
(0.00078596225 3.2421397e-06 1.6459316e-06)
(0.00079364669 1.8406633e-06 5.0354446e-06)
(0.00080732088 1.0059159e-06 7.9525164e-06)
(0.00082730577 4.5671426e-07 1.0335299e-05)
(0.00085399997 3.3036136e-08 1.1640089e-05)
(0.00088680805 -3.1083185e-07 1.0404539e-05)
(0.00092367929 -7.3992594e-07 4.9546556e-06)
(0.00095361827 -8.0812984e-07 -9.2400977e-06)
(0.00096753198 -7.5185608e-07 -1.9411196e-05)
(0.00096636424 -6.7028469e-07 -2.2508585e-05)
(0.00095316377 -5.4819206e-07 -2.2499531e-05)
(0.00092911169 -3.8394502e-07 -2.2561505e-05)
(0.00089681784 -3.6301575e-07 -2.0313245e-05)
(0.00086287783 -4.0956903e-07 -1.6292398e-05)
(0.00083299216 -4.0021772e-07 -1.2142011e-05)
(0.00080918607 -3.1695963e-07 -8.6779082e-06)
(0.0007912071 -2.1005732e-07 -6.0656794e-06)
(0.00077808863 -1.1995022e-07 -4.2020915e-06)
(0.00076874885 -5.8545993e-08 -2.9088433e-06)
(0.00076221401 -2.1705775e-08 -2.0175184e-06)
(0.00075770871 -5.2887629e-10 -1.4001252e-06)
(0.00075465829 1.1719134e-08 -9.6747498e-07)
(0.00075262676 1.2402081e-08 -6.5530735e-07)
(0.00075094093 4.2599041e-08 -4.7842956e-07)
(0.00097400569 4.6074319e-05 -3.858453e-05)
(0.00099651983 3.8710243e-05 -3.9977852e-05)
(0.00099054696 2.4745577e-05 -2.8936459e-05)
(0.00098245004 1.3715292e-05 -1.8253483e-05)
(0.00098009888 6.6791346e-06 -9.8921456e-06)
(0.00098260007 2.870275e-06 -3.4542474e-06)
(0.00098934663 1.0507079e-06 1.6183558e-06)
(0.0010007953 2.2747691e-07 5.8006901e-06)
(0.0010179807 -1.6150618e-07 9.4820971e-06)
(0.0010419544 -4.10561e-07 1.2675675e-05)
(0.0010735813 -6.4367853e-07 1.4842388e-05)
(0.0011126524 -8.601885e-07 1.4355983e-05)
(0.0011572002 -9.7970435e-07 9.0420342e-06)
(0.0011951341 -8.3172356e-07 -6.674286e-06)
(0.0012155007 -5.4589786e-07 -1.9351951e-05)
(0.0012180506 -3.3565934e-07 -2.4483705e-05)
(0.0012059512 -1.4512519e-07 -2.5401731e-05)
(0.0011801806 -3.256521e-08 -2.5996872e-05)
(0.0011434108 8.3240701e-09 -2.412171e-05)
(0.0011027558 -1.8574736e-08 -1.99784e-05)
(0.0010653336 -4.6945395e-08 -1.5337894e-05)
(0.0010344946 -2.6423457e-08 -1.1281978e-05)
(0.0010106295 2.1178001e-08 -8.107562e-06)
(0.00099291668 6.2099733e-08 -5.7631267e-06)
(0.00098016222 8.2042474e-08 -4.0829938e-06)
(0.00097117409 8.4397829e-08 -2.8902183e-06)
(0.00096494895 7.7242985e-08 -2.0405255e-06)
(0.00096071874 6.7872617e-08 -1.4290287e-06)
(0.00095789758 6.3010305e-08 -9.7674636e-07)
(0.00095558281 7.2107641e-08 -7.0290022e-07)
(0.00097775538 5.7189972e-10 -3.8219867e-05)
(0.0010068576 8.360465e-10 -3.9760011e-05)
(0.0010070351 4.6964862e-10 -2.8934407e-05)
(0.0010014868 -1.846584e-12 -1.834874e-05)
(0.00099928657 -2.3233104e-10 -9.9812516e-06)
(0.0010010215 -2.4195659e-10 -3.490959e-06)
(0.0010068502 -1.5729874e-10 1.6371671e-06)
(0.001017534 -6.4837346e-11 5.8652147e-06)
(0.0010341508 1.2057788e-12 9.5828708e-06)
(0.0010577096 4.2175205e-11 1.2807923e-05)
(0.0010890837 7.0369814e-11 1.4996554e-05)
(0.0011280304 7.8935112e-11 1.4535732e-05)
(0.0011726056 7.2003852e-11 9.2804147e-06)
(0.0012107956 5.9267532e-11 -6.341575e-06)
(0.0012315792 4.4159696e-11 -1.9056665e-05)
(0.0012345599 3.5629008e-11 -2.4368215e-05)
(0.0012228511 2.7302656e-11 -2.544475e-05)
(0.0011973112 1.9883733e-11 -2.6158589e-05)
(0.0011605672 2.513352e-11 -2.4367644e-05)
(0.001119699 2.4695701e-11 -2.0286307e-05)
(0.0010818584 3.6843987e-11 -1.5684032e-05)
(0.0010505115 5.1030152e-11 -1.1622903e-05)
(0.0010261668 7.9483243e-11 -8.4115398e-06)
(0.0010080585 9.0073009e-11 -6.016242e-06)
(0.00099499956 1.2455756e-10 -4.2847388e-06)
(0.00098578781 1.6400916e-10 -3.0454655e-06)
(0.00097940271 2.9399692e-10 -2.1561796e-06)
(0.00097506196 4.6029425e-10 -1.5121614e-06)
(0.00097217086 7.1359081e-10 -1.0336262e-06)
(0.00096980981 9.1845217e-10 -7.3865361e-07)
(0.00097400574 -4.6073425e-05 -3.8584587e-05)
(0.00099652018 -3.8708886e-05 -3.9977928e-05)
(0.00099054763 -2.474471e-05 -2.8936499e-05)
(0.00098245079 -1.3715106e-05 -1.8253494e-05)
(0.00098009954 -6.6792735e-06 -9.8921562e-06)
(0.00098260058 -2.870403e-06 -3.4542733e-06)
(0.00098934699 -1.0506831e-06 1.6183162e-06)
(0.0010007956 -2.2729033e-07 5.8006405e-06)
(0.0010179809 1.6182015e-07 9.4820196e-06)
(0.0010419545 4.1096444e-07 1.2675585e-05)
(0.0010735814 6.4412514e-07 1.4842301e-05)
(0.0011126524 8.6065229e-07 1.4355896e-05)
(0.0011572002 9.8016476e-07 9.0419432e-06)
(0.0011951341 8.3216944e-07 -6.6743873e-06)
(0.0012155006 5.4632723e-07 -1.9352058e-05)
(0.0012180505 3.3608011e-07 -2.448382e-05)
(0.0012059512 1.4553142e-07 -2.5401847e-05)
(0.0011801806 3.2955177e-08 -2.5996979e-05)
(0.0011434108 -7.9547981e-09 -2.4121805e-05)
(0.0011027559 1.8939774e-08 -1.9978506e-05)
(0.0010653337 4.7293419e-08 -1.5338006e-05)
(0.0010344946 2.6773828e-08 -1.1282093e-05)
(0.0010106296 -2.0869367e-08 -8.107669e-06)
(0.00099291671 -6.179587e-08 -5.7632335e-06)
(0.00098016227 -8.1778124e-08 -4.083086e-06)
(0.00097117422 -8.4071805e-08 -2.8902909e-06)
(0.00096494922 -7.6767808e-08 -2.0405319e-06)
(0.0009607192 -6.7106991e-08 -1.4289865e-06)
(0.00095789823 -6.1804846e-08 -9.7668867e-07)
(0.00095558402 -7.0570942e-08 -7.0284951e-07)
(0.00091405811 -5.0989999e-05 -3.5852943e-05)
(0.00090280206 -4.4894615e-05 -3.4660035e-05)
(0.00084449937 -2.9466339e-05 -2.4364714e-05)
(0.00080715523 -1.7722919e-05 -1.4974903e-05)
(0.00079007723 -1.0182942e-05 -7.8459673e-06)
(0.00078435957 -5.7345495e-06 -2.502797e-06)
(0.00078596279 -3.2421925e-06 1.6457403e-06)
(0.00079364706 -1.8406688e-06 5.0352238e-06)
(0.00080732115 -1.0058808e-06 7.9522682e-06)
(0.00082730596 -4.5664922e-07 1.0335029e-05)
(0.00085400009 -3.2970841e-08 1.163979e-05)
(0.00088680811 3.1089529e-07 1.0404219e-05)
(0.00092367928 7.3998744e-07 4.9543253e-06)
(0.00095361821 8.0819197e-07 -9.240414e-06)
(0.0009675319 7.5192447e-07 -1.9411494e-05)
(0.00096636417 6.7036126e-07 -2.2508848e-05)
(0.0009531637 5.4826932e-07 -2.2499769e-05)
(0.00092911163 3.8401834e-07 -2.2561719e-05)
(0.00089681782 3.630675e-07 -2.0313455e-05)
(0.00086287783 4.0962374e-07 -1.6292605e-05)
(0.00083299217 4.0024722e-07 -1.2142233e-05)
(0.00080918604 3.1698458e-07 -8.6781242e-06)
(0.00079120701 2.1001716e-07 -6.0659207e-06)
(0.00077808843 1.1991942e-07 -4.2023043e-06)
(0.00076874854 5.8463702e-08 -2.9090745e-06)
(0.0007622137 2.1700975e-08 -2.0176898e-06)
(0.00075770849 6.02486e-10 -1.4002563e-06)
(0.00075465845 -1.1432703e-08 -9.6752543e-07)
(0.00075262738 -1.1901103e-08 -6.5529758e-07)
(0.00075094286 -4.1982429e-08 -4.7840821e-07)
)
;

boundaryField
{
    minX
    {
        type            fixedValue;
        value           uniform (0.001 0 0);
    }
    maxX
    {
        type            inletOutlet;
        inletValue      uniform (0 0 0);
        value           nonuniform List<vector> 
50
(
(0.00075093943 4.265145e-08 4.7888092e-07)
(0.00095558121 7.2169502e-08 7.0348467e-07)
(0.00096980827 8.5428546e-10 7.3920386e-07)
(0.00095558238 -7.0696858e-08 7.033366e-07)
(0.00075094113 -4.2066684e-08 4.7876588e-07)
(0.00088198276 4.7543469e-08 2.5714922e-06)
(0.0011243639 4.5116804e-08 3.7210644e-06)
(0.0011411993 9.199036e-10 3.8488683e-06)
(0.001124365 -4.3563276e-08 3.7209384e-06)
(0.00088198426 -4.6944795e-08 2.5713862e-06)
(0.0008844931 2.776561e-08 3.1380934e-06)
(0.0011274525 1.3856745e-08 4.608901e-06)
(0.0011442918 8.8966005e-10 4.7475927e-06)
(0.0011274536 -1.2337654e-08 4.6089749e-06)
(0.00088449444 -2.7166224e-08 3.1382052e-06)
(0.00088311373 -5.5737596e-08 2.9608286e-06)
(0.0011252717 -5.0601279e-08 4.4049299e-06)
(0.0011420333 1.020486e-09 4.5403779e-06)
(0.001125273 5.2305744e-08 4.4051311e-06)
(0.00088311557 5.6381918e-08 2.9609349e-06)
(0.00087948969 -8.8338282e-08 1.7492375e-06)
(0.0011202184 -9.0474782e-08 2.5666012e-06)
(0.0011368377 1.165171e-09 2.6452126e-06)
(0.0011202201 9.2302214e-08 2.5667098e-06)
(0.00087949173 8.8932048e-08 1.7492331e-06)
(0.00087948938 -8.8306205e-08 -1.7488809e-06)
(0.001120218 -9.0437095e-08 -2.5659846e-06)
(0.0011368374 1.1730209e-09 -2.6444938e-06)
(0.0011202198 9.225721e-08 -2.5660178e-06)
(0.00087949139 8.8879887e-08 -1.7489002e-06)
(0.00088311336 -5.5653667e-08 -2.960072e-06)
(0.0011252713 -5.0460542e-08 -4.4037985e-06)
(0.001142033 1.1336247e-09 -4.539101e-06)
(0.0011252728 5.2326711e-08 -4.4038474e-06)
(0.00088311551 5.6344307e-08 -2.9600703e-06)
(0.00088449314 2.7854636e-08 -3.1372539e-06)
(0.0011274526 1.4068224e-08 -4.6077052e-06)
(0.0011442922 1.1209078e-09 -4.7463182e-06)
(0.0011274542 -1.2176842e-08 -4.6077054e-06)
(0.00088449524 -2.7103294e-08 -3.1372882e-06)
(0.00088198336 4.7574581e-08 -2.5707221e-06)
(0.0011243645 4.5249363e-08 -3.7200319e-06)
(0.0011412001 1.1293604e-09 -3.8478504e-06)
(0.0011243661 -4.3387709e-08 -3.719987e-06)
(0.00088198554 -4.6853718e-08 -2.5706812e-06)
(0.00075094093 4.2599041e-08 -4.7842956e-07)
(0.00095558281 7.2107641e-08 -7.0290022e-07)
(0.00096980981 9.1845217e-10 -7.3865361e-07)
(0.00095558402 -7.0570942e-08 -7.0284951e-07)
(0.00075094286 -4.1982429e-08 -4.7840821e-07)
)
;
    }
    minY
    {
        type            fixedValue;
        value           uniform (0 0 0);
    }
    minZ
    {
        type            fixedValue;
        value           uniform (0 0 0);
    }
    maxZ
    {
        type            fixedValue;
        value           uniform (0 0 0);
    }
    bottomWater_to_rightSolid
    {
        type            fixedValue;
        value           uniform (0 0 0);
    }
    bottomWater_to_leftSolid
    {
        type            fixedValue;
        value           uniform (0 0 0);
    }
    bottomWater_to_heater
    {
        type            fixedValue;
        value           uniform (0 0 0);
    }
}


// ************************************************************************* //
